5 0.84836 0.39688 0.07088 0.2081066666666667
10 0.71774 0.85484 0.44839999999999997 0.26450666666666667
11 0.6812999999999999 0.13074666666666668 0.03172 0.051840000000000004
25 0.17191000000000004 0.7707866666666666 0.31010000000000004 0.26066666666666666
28 0.7036800000000001 0.5801066666666667 0.0634 0.050986666666666666
28 0.72017 0.5312399999999999 0.06674 0.05394666666666667
21 0.53512 0.6842666666666666 0.34887999999999997 0.2
21 0.47487999999999997 0.5689733333333333 0.33664 0.15416000000000002
39 0.44505 0.33338666666666666 0.27998 0.3299733333333334
9 0.28086999999999995 0.5431066666666666 0.06622 0.11320000000000001
9 0.30341 0.6391866666666667 0.06774 0.06674666666666668
