39 0.8855624999999999 0.7267564402810305 0.228875 0.36967213114754105
10 0.45109375 0.6738173302107728 0.13468750000000002 0.3173770491803279
32 0.34258593750000005 0.5044964871194381 0.313359375 0.9595316159250586
11 0.8040234375 0.24295081967213114 0.074296875 0.10819672131147541
28 0.13519531250000003 0.6626346604215457 0.017421875 0.022177985948477752
35 0.47328906249999997 0.7048946135831383 0.049328125 0.04192037470725995
21 0.0889609375 0.6347658079625293 0.09082812500000001 0.05941451990632318
13 0.10078125 0.5902927400468384 0.03628125 0.04297423887587822
43 0.095953125 0.27752927400468386 0.07196875 0.11459016393442623
4 0.083109375 0.6622248243559719 0.0564375 0.04266978922716627
4 0.9880781250000001 0.29222482435597186 0.02384375 0.015362997658079625
35 0.446984375 0.5900585480093676 0.048875 0.08611241217798597
4 0.9656328125 0.4461007025761124 0.068734375 0.026861826697892274
