5 0.9321875 0.7195035460992908 0.051625 0.21267139479905434
5 0.7999765625 0.5754137115839243 0.020015625000000002 0.030732860520094562
9 0.1282421875 0.8349172576832151 0.045328125000000004 0.03768321513002364
25 0.7644296875 0.7003900709219857 0.22389062499999998 0.22858156028368795
28 0.7202187500000001 0.7931205673758867 0.050562499999999996 0.05219858156028368
21 0.5494062500000001 0.7782387706855792 0.23981249999999998 0.08304964539007093
21 0.7585 0.7720330969267141 0.21549999999999997 0.08023640661938533
47 0.4645703125 0.46343971631205677 0.234390625 0.4607328605200946
39 0.56528125 0.5592316784869976 0.2209375 0.30749408983451537
4 0.049437499999999995 0.8168794326241136 0.09040624999999998 0.044160756501182036
4 0.046515625 0.792210401891253 0.06628125 0.03364066193853428
10 0.7698828124999999 0.5689479905437352 0.085828125 0.04678486997635933
