39 0.8425156249999999 0.47065727699530513 0.13653125 0.3112676056338028
10 0.4568749999999999 0.42604460093896707 0.09296875 0.19842723004694837
10 0.62196875 0.4655868544600939 0.08159374999999999 0.3032394366197183
10 0.46821093750000004 0.4224530516431926 0.053609375 0.20335680751173707
12 0.13978125 0.672593896713615 0.27765625 0.568943661971831
32 0.6036640624999999 0.27299295774647886 0.086015625 0.14279342723004695
25 0.6022578125 0.3187793427230047 0.069703125 0.06938967136150234
35 0.8982109374999999 0.6247535211267605 0.103265625 0.032136150234741784
35 0.7552421875 0.5464671361502347 0.043140625 0.02044600938967136
13 0.3246640625000001 0.5627934272300469 0.031796875 0.06323943661971831
9 0.3810390625 0.5375586854460095 0.036171875 0.016807511737089203
43 0.2329140625 0.2218075117370892 0.064609375 0.06136150234741784
34 0.2401875 0.4383568075117371 0.11068750000000001 0.1956338028169014
5 0.26110156250000005 0.30584507042253517 0.011921875 0.055258215962441314
13 0.19837500000000002 0.3342136150234742 0.014812500000000001 0.026784037558685445
15 0.5317578125 0.3571948356807512 0.318953125 0.03809859154929578
10 0.573609375 0.480868544600939 0.01203125 0.10854460093896715
