39 0.11419531249999998 0.51234375 0.22839062499999996 0.3909375
12 0.78790625 0.7204374999999998 0.42418750000000005 0.494625
10 0.6572500000000001 0.5128333333333334 0.21478125000000003 0.286
11 0.3321953125 0.41704166666666664 0.034484375 0.045541666666666675
35 0.7741562500000001 0.7221458333333333 0.060187500000000005 0.022291666666666664
35 0.3408203125 0.4578958333333333 0.026640625 0.024583333333333336
4 0.027132812500000002 0.7424479166666665 0.054265625000000005 0.08606249999999999
4 0.8967656249999999 0.9381041666666667 0.16256250000000003 0.12291666666666666
35 0.46246875000000004 0.44475000000000003 0.03071875 0.018583333333333334
2 0.7892890625000001 0.7268333333333333 0.4214218749999999 0.47791666666666666
4 0.5052578124999999 0.44551041666666663 0.05639062500000001 0.018979166666666665
