47 0.5603181818181819 0.47663013698630136 0.15292727272727272 0.3465205479452054
39 0.659909090909091 0.5881917808219178 0.13570909090909092 0.17753424657534247
12 0.14628181818181818 0.8075342465753423 0.29256363636363636 0.36345205479452053
15 0.5420636363636364 0.8828630136986301 0.9158727272727273 0.2089041095890411
6 0.4370727272727272 0.8027260273972603 0.06239999999999999 0.04468493150684931
4 0.7183999999999999 0.6864109589041096 0.008581818181818182 0.044109589041095895
4 0.7110818181818181 0.6824109589041094 0.008018181818181818 0.04526027397260274
10 0.23589090909090907 0.6660273972602739 0.1806909090909091 0.19978082191780822
35 0.4416727272727272 0.807109589041096 0.027418181818181817 0.01602739726027397
40 0.3579 0.5430273972602739 0.003145454545454546 0.02884931506849315
40 0.5600272727272727 0.6355753424657533 0.04274545454545455 0.018000000000000002
