39 0.28504 0.23990666666666668 0.36828000000000005 0.47981333333333337
13 0.5557500000000001 0.4410933333333332 0.08114 0.08810666666666667
25 0.21740999999999996 0.5636800000000001 0.43145999999999995 0.5662933333333333
25 0.6424300000000001 0.25850666666666666 0.2559 0.34944
28 0.45684 0.53008 0.09108 0.05109333333333333
21 0.38297999999999993 0.44816 0.30968 0.1731733333333333
10 0.8103999999999999 0.64116 0.37920000000000004 0.69576
21 0.23931999999999995 0.6394666666666666 0.1618 0.23146666666666665
21 0.6398899999999998 0.3371333333333333 0.19021999999999997 0.07874666666666667
4 0.53922 0.6802533333333334 0.22175999999999998 0.19213333333333332
