39 0.318640625 0.4293793911007026 0.323125 0.5089695550351289
9 0.5813515625 0.6691100702576113 0.089546875 0.06295081967213115
10 0.8230546875 0.831264637002342 0.353890625 0.31377049180327865
4 0.6279140624999999 0.3109953161592506 0.005015625 0.1077049180327869
4 0.5587734375000001 0.3330327868852459 0.058046875 0.1473302107728337
4 0.6164921875 0.3147892271662764 0.008890625000000001 0.1164168618266979
4 0.6243046875 0.31528103044496486 0.004015625 0.11149882903981265
4 0.5510390625 0.3462646370023419 0.045703125 0.15791569086651056
4 0.6255703125000001 0.30324355971896955 0.055671875 0.12063231850117095
25 0.681359375 0.5517564402810304 0.20503125 0.12903981264637002
28 0.77528125 0.4888992974238875 0.04625 0.018548009367681497
4 0.5973593749999999 0.28063231850117093 0.058125 0.058735362997658074
4 0.6706796875000001 0.5486416861826698 0.081203125 0.06032786885245902
12 0.8236640625000001 0.8368501170960186 0.3526718750000001 0.2952927400468384
