39 0.14857812499999998 0.4612406947890819 0.14434375 0.27866004962779156
10 0.296484375 0.7824069478908189 0.16046875 0.41468982630272955
10 0.06694531249999999 0.8673325062034739 0.129515625 0.2431017369727047
12 0.549796875 0.6205707196029776 0.25187499999999996 0.31181141439205956
13 0.2561875 0.638076923076923 0.0335625 0.05679900744416874
13 0.2058203125 0.6388585607940447 0.029453125000000004 0.08044665012406949
13 0.061328125 0.6785980148883374 0.0368125 0.09674937965260547
13 0.023554687499999994 0.6810173697270472 0.04710937499999999 0.10004962779156328
6 0.16828125 0.6451861042183623 0.044375 0.04774193548387096
25 0.07389843750000001 0.5840446650124069 0.14554687500000002 0.0945409429280397
0 0.4732968749999999 0.542059553349876 0.0726875 0.08312655086848635
6 0.1002265625 0.7059677419354838 0.047796875 0.06940446650124069
15 0.1531171875 0.8075682382133995 0.305421875 0.3815880893300248
