5 0.6991796875000001 0.6584270833333333 0.041984375000000004 0.12102083333333334
34 0.0859609375 0.6827708333333333 0.165171875 0.61125
11 0.3005 0.20977083333333335 0.059625 0.08200000000000002
10 0.5900546874999999 0.6620104166666667 0.142140625 0.3404375
10 0.437875 0.6410104166666667 0.1565625 0.2561875
15 0.7002812500000001 0.8134791666666666 0.21740624999999997 0.3415833333333333
6 0.032968750000000005 0.38146875 0.06593750000000001 0.0548125
6 0.7509765625 0.7739791666666668 0.089671875 0.08783333333333333
4 0.5839375 0.2380729166666667 0.05340625 0.0159375
4 0.6420625000000001 0.24242708333333332 0.060375 0.034937499999999996
4 0.5880156249999999 0.2513125 0.06271875 0.016458333333333335
5 0.259921875 0.2572291666666667 0.054031249999999996 0.14145833333333335
5 0.09406249999999998 0.0603125 0.02665625 0.1005
13 0.14922656249999997 0.26879166666666665 0.018453125 0.050791666666666666
39 0.3450078125 0.4068541666666667 0.029984375 0.11662499999999999
13 0.1108515625 0.25760416666666663 0.024859375 0.08308333333333334
13 0.1315625 0.2648125 0.02315625 0.06033333333333333
