39 0.5081328125 0.4789294117647059 0.153796875 0.15489411764705882
10 0.3068046875 0.7474235294117646 0.269390625 0.3069411764705882
10 0.5983750000000001 0.8258117647058824 0.21421875 0.3225882352941176
10 0.7203046875 0.7962588235294118 0.136015625 0.37736470588235294
10 0.9054062500000001 0.9001411764705881 0.1885 0.17849411764705883
15 0.7550546875 0.7777058823529412 0.48989062499999997 0.43828235294117657
25 0.8581875000000001 0.6493176470588234 0.15265625 0.18945882352941176
28 0.9732578124999999 0.7402 0.031703125 0.029670588235294115
35 0.692203125 0.7542823529411764 0.0765625 0.033882352941176475
39 0.86 0.6287058823529412 0.15353125 0.14211764705882352
40 0.93 0.7018823529411765 0.0380625 0.15938823529411764
32 0.5227890625 0.4803058823529412 0.090546875 0.11849411764705882
10 0.105265625 0.7748 0.21053125 0.2063529411764706
12 0.6610078125 0.6244 0.24720312500000002 0.10352941176470588
