39 0.13529687499999998 0.44135294117647056 0.20712499999999998 0.2003529411764706
10 0.590484375 0.46276470588235297 0.07768749999999999 0.17277647058823534
10 0.6523046875 0.43757647058823534 0.052921874999999986 0.1559058823529412
10 0.5457734375000001 0.39116470588235297 0.056046874999999996 0.09818823529411765
10 0.506296875 0.4411529411764707 0.0803125 0.1663058823529412
12 0.815609375 0.7791058823529411 0.36878124999999995 0.42150588235294106
4 0.445078125 0.7333764705882352 0.104375 0.08919999999999999
4 0.347765625 0.829 0.14690625 0.11061176470588235
10 0.759125 0.42628235294117645 0.0480625 0.05341176470588235
34 0.7852656250000001 0.3519882352941176 0.10009375000000001 0.22115294117647058
4 0.4966015625 0.7357882352941176 0.07370312500000001 0.09689411764705883
15 0.736 0.39998823529411764 0.163375 0.10962352941176472
10 0.7364609375 0.5967176470588236 0.214484375 0.2920705882352941
35 0.37225781249999995 0.7813294117647059 0.074578125 0.029952941176470585
15 0.5685703124999999 0.4526117647058823 0.131671875 0.14861176470588233
