61 0.6263125 0.5483645833333334 0.10093749999999999 0.1398125
39 0.045101562500000004 0.45518749999999997 0.08314062500000001 0.33725
12 0.6797265625 0.35791666666666666 0.310859375 0.4570416666666667
10 0.8438203125 0.8224687499999999 0.312359375 0.3550625
10 0.286515625 0.8786458333333332 0.32696875 0.23820833333333333
15 0.47021875 0.4674166666666666 0.22246875 0.22020833333333337
32 0.6408125000000001 0.33630208333333333 0.19440625 0.2619375
35 0.5267343750000001 0.47315625000000006 0.0348125 0.031104166666666665
35 0.5202890625000001 0.49121875 0.034703125 0.03377083333333333
0 0.808171875 0.74603125 0.129125 0.12464583333333333
35 0.5520234374999999 0.4630208333333332 0.016734375000000003 0.027416666666666666
4 0.47493750000000007 0.3987083333333334 0.050249999999999996 0.04858333333333333
32 0.624 0.29565625 0.0705 0.09989583333333334
