39 0.7299765624999999 0.3923958333333333 0.17248437499999997 0.225875
5 0.9129531249999999 0.7421770833333332 0.028968749999999998 0.13327083333333334
12 0.098390625 0.7064583333333334 0.19678125 0.4064583333333333
12 0.2919296875 0.9462395833333332 0.577421875 0.08602083333333335
15 0.9017656249999999 0.8636562499999999 0.19059375 0.27268749999999997
32 0.5763359375 0.5963125000000001 0.221390625 0.8073750000000001
32 0.23626562500000003 0.5970833333333334 0.26737500000000003 0.6524583333333334
35 0.6519843750000001 0.31586458333333334 0.020562499999999997 0.030062500000000002
13 0.9165703125 0.7392291666666666 0.044515624999999996 0.07041666666666666
39 0.4165078125 0.4474166666666667 0.13604687499999998 0.170625
4 0.3790624999999999 0.9686979166666666 0.06928125 0.06260416666666667
13 0.8625 0.7840208333333333 0.03984375 0.06845833333333333
35 0.1299296875 0.4612708333333333 0.057609375 0.05625
4 0.757578125 0.5158958333333333 0.0699375 0.02675
