10 0.42210156249999997 0.8128971962616822 0.145265625 0.31827102803738316
32 0.39046093750000005 0.5584929906542057 0.769421875 0.8602102803738318
47 0.827734375 0.27796728971962614 0.26346875000000003 0.32392523364485976
52 0.9047265624999998 0.6422196261682244 0.056546874999999996 0.19682242990654206
25 0.8065078124999999 0.7263551401869158 0.386984375 0.5225233644859812
10 0.035242187499999994 0.9545794392523363 0.064734375 0.08789719626168224
12 0.38021093750000007 0.7611098130841123 0.354671875 0.33259345794392525
4 0.6848515625 0.42903037383177567 0.13379687499999998 0.04259345794392524
4 0.6693281249999999 0.40761682242990654 0.1005625 0.028457943925233643
40 0.8330546875000002 0.3718457943925234 0.068703125 0.12649532710280373
40 0.8136328125 0.3936448598130841 0.033359375000000004 0.09028037383177571
13 0.5909687499999999 0.6731542056074766 0.08540624999999999 0.17794392523364486
20 0.742 0.600747663551402 0.29500000000000004 0.2458878504672897
15 0.7312890625 0.7589602803738318 0.44120312500000003 0.18960280373831778
