10 0.468546875 0.7354791666666667 0.1403125 0.44299999999999995
32 0.37559375 0.3862291666666667 0.24434375 0.17008333333333334
2 0.47466406250000004 0.5304062500000001 0.601359375 0.4436875
25 0.2316796875 0.7832083333333333 0.242421875 0.30204166666666665
45 0.8403203125 0.7187812500000001 0.13539062500000001 0.17072916666666668
45 0.6547890625000001 0.41889583333333336 0.10560937500000002 0.08033333333333333
25 0.44653125000000005 0.5458229166666666 0.07278124999999999 0.11897916666666668
25 0.37450781250000004 0.3690104166666666 0.034296875 0.10035416666666669
28 0.24714843749999996 0.7047604166666668 0.050328125 0.035479166666666666
4 0.6661484375000001 0.5915833333333333 0.054265625000000005 0.05191666666666667
39 0.7478281250000001 0.28530208333333335 0.092625 0.1718541666666667
4 0.5657421874999999 0.5419479166666668 0.039203125 0.024395833333333335
10 0.20327343749999996 0.47393750000000007 0.077765625 0.20470833333333335
9 0.58903125 0.5815208333333334 0.0228125 0.02141666666666666
