5 0.9213400000000002 0.5899866666666667 0.05852 0.2548533333333333
9 0.54472 0.6788666666666667 0.06016 0.05176
9 0.8262 0.58276 0.07992 0.06663999999999999
10 0.44647000000000003 0.61032 0.08982 0.20351999999999998
32 0.27473000000000003 0.5548133333333333 0.53742 0.82888
32 0.6674199999999999 0.4236 0.38427999999999995 0.5190933333333333
13 0.9625499999999999 0.6752533333333334 0.07106 0.15866666666666668
25 0.6168499999999999 0.6921333333333334 0.37078000000000005 0.4134933333333333
21 0.6170200000000001 0.7961199999999999 0.1746 0.14279999999999998
15 0.68581 0.7240933333333334 0.62838 0.5225333333333333
10 0.8984000000000001 0.5444666666666667 0.19912 0.14664
