5 0.0158984375 0.8268941176470588 0.031796875 0.15694117647058825
9 0.93509375 0.9419647058823528 0.0786875 0.039505882352941175
34 0.7197734375 0.4923882352941177 0.265921875 0.6532470588235294
5 0.30660937499999996 0.5675764705882353 0.023937499999999997 0.1464
15 0.6057283603759145 0.8875111082422245 0.7791406249999998 0.20136470588235295
32 0.5883671875 0.6010117647058824 0.157390625 0.5079058823529412
13 0.8577890625000001 0.9104588235294118 0.056234375 0.1008705882352941
60 0.6605546875 0.8959411764705882 0.045109375 0.05790588235294117
60 0.7763671875 0.8952235294117646 0.04498437499999999 0.06263529411764707
46 0.1104296875 0.7685294117647058 0.214890625 0.42247058823529415
44 0.3235 0.6238705882352942 0.24993750000000003 0.10105882352941178
6 0.8074375 0.9387882352941177 0.07546875 0.0799764705882353
6 0.3027578125 0.5631411764705883 0.067484375 0.08830588235294118
60 0.6248828125 0.8797529411764705 0.036921875 0.05512941176470589
60 0.6697578125 0.8642941176470588 0.020234375 0.018752941176470587
25 0.7875234375 0.8510588235294118 0.186015625 0.0696
5 0.0230078125 0.9297176470588235 0.042796875 0.13792941176470588
32 0.50346875 0.6287176470588236 0.15396875000000002 0.4074588235294117
