9 0.883359375 0.8269296875 0.23328125000000002 0.177046875
10 0.8 0.5330234374999999 0.33709375 0.330328125
25 0.23707812500000003 0.25281250000000005 0.46965625000000005 0.501125
32 0.8977109374999999 0.3361875 0.204578125 0.33425
13 0.6503671875000001 0.36291406249999997 0.46470312500000005 0.563796875
75 0.5518125 0.7787968749999998 0.575125 0.41709375000000004
10 0.4518203125 0.3346328125 0.184890625 0.24479687499999997
10 0.9121796875 0.6192187499999999 0.175640625 0.26865625
15 0.4999999999999988 0.6598890747247255 0.9999999999999976 0.680221850550549
63 0.5141249999999999 0.7073203125 0.43009375 0.292296875
