39 0.8625859375 0.4539812646370024 0.17089062500000002 0.17817330210772833
12 0.2991015625 0.7667447306791569 0.424109375 0.4665105386416862
15 0.45252343749999996 0.5036416861826698 0.12229687500000001 0.09908665105386417
32 0.355984375 0.6849882903981265 0.29403125 0.2550351288056206
12 0.8007734375 0.833559718969555 0.395546875 0.31096018735362996
11 0.2479296875 0.2239344262295082 0.038296875 0.05217798594847776
35 0.4522109375 0.7726112412177986 0.070671875 0.049531615925058545
4 0.6529609375 0.6158548009367681 0.056765625 0.029039812646370025
52 0.3593906250000001 0.5523302107728337 0.014624999999999999 0.03763466042154567
9 0.6146328124999999 0.6837939110070256 0.034109375 0.029461358313817333
4 0.6699609375000002 0.6267213114754098 0.042359375 0.02234192037470726
4 0.4414453125000001 0.4814402810304449 0.037828125000000004 0.019039812646370027
4 0.6926796875 0.6472014051522248 0.084578125 0.06447306791569087
4 0.768765625 0.5617096018735362 0.03503125 0.04402810304449649
10 0.36363281250000007 0.5153747072599532 0.06489062500000001 0.10943793911007026
4 0.46931249999999997 0.47940281030444964 0.015062500000000001 0.011405152224824357
4 0.418171875 0.4625878220140515 0.0424375 0.01861826697892272
