10 0.7770390624999999 0.9163114754098362 0.44592187499999997 0.14592505854800938
52 0.318625 0.504344262295082 0.059593749999999994 0.17604215456674474
13 0.7198124999999999 0.5093559718969555 0.03746875 0.05613583138173302
28 0.6576718749999999 0.5820023419203747 0.053968749999999996 0.06812646370023419
35 0.08896875 0.4978220140515222 0.05034375 0.08398126463700234
21 0.477203125 0.5594145199063232 0.14659375 0.11433255269320843
4 0.1382421875 0.7105854800936768 0.276484375 0.35133489461358314
4 0.35833593750000003 0.7404566744730678 0.284859375 0.3483138173302108
9 0.545015625 0.5170257611241219 0.05234375 0.05035128805620609
4 0.5517265625000001 0.6599063231850117 0.141046875 0.14810304449648712
4 0.5908203125 0.5405620608899298 0.074296875 0.10857142857142858
4 0.6142343750000001 0.3774473067915692 0.04475 0.05775175644028103
39 0.4619453125 0.2605854800936768 0.335703125 0.41704918032786886
