12 0.365875 0.7322482435597188 0.73175 0.5268852459016393
32 0.31190625 0.6221896955503513 0.6238125 0.6659250585480094
32 0.8283671875 0.29703747072599535 0.24439062499999997 0.4848946135831382
9 0.4823828125 0.8613348946135833 0.083703125 0.06135831381733021
25 0.36271875000000003 0.6071779859484777 0.20971875 0.35187353629976587
4 0.319078125 0.898559718969555 0.11128125000000001 0.1372599531615925
4 0.6465234374999999 0.5160187353629976 0.156453125 0.05775175644028103
4 0.6776953125 0.5541217798594846 0.082265625 0.036908665105386415
10 0.4984765625 0.4427634660421546 0.254703125 0.3913817330210773
10 0.940359375 0.394192037470726 0.11928125000000002 0.4488524590163934
10 0.317296875 0.3661943793911007 0.04890625 0.127423887587822
4 0.8649687500000001 0.6816744730679156 0.07509375 0.030702576112412176
4 0.8364999999999999 0.6217213114754099 0.11490625000000002 0.05562060889929742
4 0.9554921875 0.6394262295081967 0.089015625 0.1084543325526932
28 0.7197890625000001 0.6202927400468384 0.054234375 0.04704918032786885
34 0.085671875 0.1922950819672131 0.16359375 0.31180327868852453
