39 0.11755468750000002 0.5423194444444445 0.131453125 0.15058333333333335
10 0.34653124999999996 0.9315555555555555 0.12690625 0.12544444444444444
10 0.6654374999999999 0.9276111111111112 0.15562499999999999 0.14477777777777778
9 0.15768749999999998 0.7389305555555556 0.016718749999999998 0.005416666666666668
35 0.1406484375 0.7308055555555555 0.04010937500000001 0.015277777777777777
46 0.500578125 0.6271388888888889 0.11034375 0.04
44 0.5761093749999999 0.6861111111111111 0.043 0.010444444444444444
6 0.7864609374999999 0.6628472222222221 0.06414062499999999 0.06175
43 0.75925 0.5301111111111111 0.028687499999999998 0.09422222222222222
15 0.537515625 0.7006111111111111 0.22778125 0.10338888888888889
44 0.2631328125 0.6802638888888889 0.05532812499999999 0.024861111111111108
34 0.7078984375 0.5897361111111111 0.042171875 0.3359722222222222
