39 0.79240625 0.44175 0.27137500000000003 0.4916249999999999
10 0.2001796875 0.7006041666666667 0.400359375 0.597875
25 0.463046875 0.48247916666666674 0.20812499999999998 0.095875
21 0.5463984375 0.6828333333333333 0.16895312499999998 0.14908333333333335
4 0.7624921874999999 0.9294479166666666 0.157046875 0.10947916666666666
5 0.982109375 0.7149270833333332 0.021781249999999995 0.0973125
5 0.9449921874999998 0.7093229166666666 0.029671874999999997 0.0940625
5 0.9593515624999999 0.72646875 0.037390625 0.09893749999999998
9 0.49010937500000007 0.44195833333333334 0.07571875 0.027958333333333328
4 0.23572656250000001 0.2798125 0.066796875 0.020166666666666666
28 0.5561796874999999 0.4511770833333334 0.034328125 0.0279375
28 0.6586484375 0.8226041666666667 0.099203125 0.06783333333333334
