47 0.9080546875000001 0.38389204545454547 0.177171875 0.6420454545454546
25 0.30034374999999996 0.7842613636363638 0.24471875 0.40897727272727274
28 0.8369687499999999 0.7689346590909091 0.0391875 0.13366477272727273
21 0.6247734375 0.7519318181818183 0.291109375 0.2609659090909091
13 0.45353125 0.8648011363636364 0.0565625 0.1019318181818182
13 0.0399375 0.7865056818181819 0.079875 0.14988636363636362
13 0.19715625 0.4350568181818183 0.061500000000000006 0.13085227272727273
9 0.353625 0.8253551136363637 0.0315 0.19548295454545456
39 0.7471328125 0.35288352272727264 0.33001562500000003 0.6555397727272727
4 0.26220312500000004 0.3103267045454545 0.0980625 0.1446875
4 0.5045234375000001 0.4317755681818183 0.09948437500000001 0.2222443181818182
