10 0.9252224824355973 0.330625 0.10257611241217798 0.07009375
10 0.5460538641686182 0.2950390625 0.026908665105386417 0.06592187499999999
13 0.6961007025761122 0.4131250000000001 0.08704918032786885 0.06259375
13 0.6179391100702577 0.48125 0.06918032786885246 0.05334375
6 0.9006323185011711 0.5256328124999999 0.08430913348946137 0.033515625
25 0.6703864168618268 0.2994140625 0.22100702576112416 0.104296875
28 0.6289110070257611 0.4307421875 0.04742388758782202 0.020921875
28 0.4700936768149883 0.32651562500000003 0.03372365339578454 0.0171875
21 0.44286885245901636 0.4308984375 0.29088992974238875 0.019109375
60 0.8999063231850118 0.504953125 0.07091334894613584 0.031125000000000003
10 0.9636768149882903 0.28271874999999996 0.04084309133489462 0.028374999999999997
10 0.7760538641686183 0.31342187500000007 0.027423887587822014 0.0413125
15 0.8811943793911007 0.3425390625 0.2374707259953162 0.131265625
44 0.9344379391100702 0.23474218749999998 0.05285714285714285 0.013140625
44 0.8130444964871194 0.2380078125 0.07423887587822015 0.007796875
13 0.625632318501171 0.401625 0.06259953161592506 0.025281249999999998
39 0.22959016393442624 0.2172265625 0.30395784543325527 0.191953125
