47 0.1337941176470588 0.626796875 0.07350980392156863 0.08996874999999999
15 0.7857058823529411 0.5659375 0.34019607843137256 0.24762499999999998
15 0.2627941176470588 0.7029453124999999 0.5137843137254902 0.24235937500000002
6 0.034215686274509806 0.7281015624999999 0.06843137254901961 0.061296874999999994
46 0.3266078431372549 0.5446484375 0.175921568627451 0.123296875
44 0.5011470588235294 0.4754453125 0.09088235294117647 0.013515625
34 0.6501176470588236 0.431859375 0.057058823529411766 0.13468750000000002
40 0.06774509803921568 0.608171875 0.06117647058823529 0.17193750000000002
5 0.5745588235294118 0.4370625 0.009235294117647059 0.027500000000000004
13 0.31378431372549015 0.6456484375000001 0.0691764705882353 0.04464062500000001
6 0.31367647058823533 0.6442265624999999 0.07127450980392157 0.043046875
6 0.1698627450980392 0.6171718749999999 0.04231372549019607 0.03671875
10 0.42047058823529404 0.5973984375 0.16298039215686275 0.051953125
