47 0.87028 0.5112048192771084 0.04852 0.08259036144578313
47 0.58451 0.5257078313253012 0.24625999999999998 0.8262951807228915
39 0.7334099999999998 0.4735391566265061 0.1195 0.14768072289156628
10 0.39869 0.6108132530120483 0.08698 0.13536144578313253
12 0.8512400000000001 0.7381927710843373 0.29752 0.3390361445783132
15 0.6327999999999996 0.8767137420866782 0.7344000000000005 0.24657251582664372
10 0.78484 0.7593373493975903 0.20187999999999998 0.2250602409638554
10 0.26112 0.9011295180722891 0.06268 0.1752710843373494
10 0.38082 0.7253614457831326 0.16968 0.18584337349397592
34 0.16536 0.4740512048192771 0.17632 0.2511144578313253
13 0.3367 0.5123795180722892 0.018920000000000003 0.031987951807228916
6 0.20556000000000002 0.5442168674698795 0.066 0.04325301204819277
40 0.58324 0.7759036144578313 0.0688 0.3130722891566265
61 0.6624400000000001 0.7443674698795182 0.05048 0.09066265060240966
11 0.47079 0.3285692771084337 0.044700000000000004 0.06659638554216868
13 0.16612 0.5490813253012048 0.01804 0.036957831325301206
