39 0.8381484374999998 0.4855625 0.071140625 0.228875
10 0.324484375 0.6436875 0.08565625 0.1404166666666667
12 0.5150078125 0.6388125 0.140796875 0.16941666666666666
12 0.0614375 0.8308333333333334 0.12021875 0.30887499999999996
20 0.51428125 0.5982083333333335 0.05990625000000001 0.058416666666666665
20 0.86878125 0.6493333333333332 0.11484375 0.09854166666666667
25 0.2981875 0.5660416666666666 0.0596875 0.04533333333333333
4 0.32540625 0.96115625 0.06925 0.07768749999999999
4 0.27014062499999997 0.771125 0.12368749999999999 0.05179166666666666
10 0.5146484375 0.6392604166666668 0.13970312499999998 0.17572916666666663
