39 0.9497734375 0.20401408450704225 0.084765625 0.15093896713615024
5 0.864359375 0.690868544600939 0.0288125 0.06046948356807512
5 0.8276875 0.660269953051643 0.03178125 0.07039906103286385
10 0.7411484375 0.5553051643192488 0.182828125 0.29093896713615025
10 0.406765625 0.37962441314553985 0.09721874999999999 0.21690140845070424
2 0.3117734375 0.7262910798122065 0.623546875 0.5056338028169014
2 0.17090624999999998 0.515774647887324 0.34181249999999996 0.41666666666666674
25 0.5030546874999999 0.25416666666666665 0.070078125 0.08917840375586855
4 0.5454374999999999 0.32420187793427224 0.0553125 0.02539906103286385
4 0.3487734375 0.7636737089201878 0.075984375 0.13326291079812208
0 0.4803359375000001 0.6283802816901409 0.15235937500000002 0.1956338028169014
20 0.475546875 0.631150234741784 0.1433125 0.1816431924882629
20 0.050640624999999995 0.49232394366197174 0.10034375 0.12948356807511735
10 0.6329843749999999 0.4733098591549296 0.1883125 0.33352112676056334
2 0.16549218750000003 0.2413849765258216 0.330359375 0.25502347417840376
34 0.8347421875000001 0.6724530516431925 0.12892187500000002 0.17955399061032862
40 0.58834375 0.2775821596244131 0.015062500000000001 0.06938967136150234
45 0.8699140624999999 0.5330281690140846 0.166328125 0.2391549295774648
47 0.5949296875 0.21592723004694836 0.06057812500000001 0.19133802816901413
