47 0.6836093750000001 0.49178125 0.1035 0.17652083333333335
10 0.5169296875 0.683875 0.156453125 0.305375
10 0.2606328125 0.8328541666666668 0.295328125 0.33429166666666676
12 0.8935468750000001 0.8150520833333332 0.21290625 0.33977083333333336
28 0.29614843750000003 0.5638958333333334 0.031609375 0.01575
4 0.1618515625 0.6561875 0.140109375 0.06195833333333333
4 0.17765625 0.5228854166666665 0.08325 0.0301875
39 0.22424218750000002 0.46037500000000003 0.070609375 0.13308333333333333
21 0.2514296875 0.5404479166666667 0.04876562500000001 0.029854166666666668
10 0.6907578125 0.8458125 0.157046875 0.20466666666666666
25 0.282578125 0.44375 0.0465625 0.016958333333333336
4 0.0469140625 0.8205833333333333 0.093828125 0.05708333333333333
4 0.19948437500000002 0.6723958333333333 0.06303125000000001 0.03845833333333334
4 0.16028125 0.6372604166666667 0.13125 0.047645833333333346
