10 0.6507656249999999 0.8736065573770492 0.1641875 0.24384074941451991
10 0.735078125 0.8073302107728338 0.139125 0.21859484777517565
13 0.3123203125 0.35361826697892274 0.019140625 0.022880562060889932
13 0.4533046875 0.3564871194379392 0.012890625 0.02126463700234192
6 0.49350781250000003 0.40830210772833725 0.034859375 0.02559718969555035
10 0.7951406249999999 0.7834074941451991 0.11890625 0.23964871194379392
21 0.7436484375000001 0.6117096018735363 0.06414062499999999 0.033536299765807964
46 0.416734375 0.5950117096018736 0.12096875000000001 0.11185011709601873
44 0.5581484375000001 0.6323419203747073 0.163015625 0.07372365339578454
13 0.4629453125 0.3564754098360655 0.007890625 0.026112412177985947
34 0.1277890625 0.5175995316159251 0.255578125 0.5466276346604215
23 0.3442421875 0.5180913348946136 0.006921874999999999 0.030702576112412176
37 0.455703125 0.4938290398126463 0.0114375 0.01861826697892272
37 0.4686640625 0.49176814988290396 0.0073906250000000005 0.011217798594847775
39 0.716859375 0.5262060889929743 0.08375 0.1481967213114754
10 0.5348203125 0.9184309133489461 0.187015625 0.1631381733021077
