39 0.637484375 0.43504807692307695 0.06321875 0.11054487179487178
12 0.8465781250000001 0.7462339743589744 0.24637500000000004 0.4343910256410257
10 0.26739062500000005 0.6677884615384615 0.11371875000000001 0.23474358974358972
10 0.11609375 0.685 0.11578124999999999 0.3066666666666667
10 0.0957109375 0.5117467948717949 0.048984375 0.11875
15 0.168046875 0.5737179487179487 0.18009375 0.16
32 0.35436718749999996 0.41459935897435896 0.041109375 0.28996794871794873
10 0.23378125 0.48546474358974356 0.05615625 0.08804487179487179
46 0.3144609375 0.44966346153846154 0.040796874999999996 0.16080128205128205
10 0.8595 0.4965224358974359 0.10278125 0.20516025641025643
9 0.35153125 0.30296474358974357 0.00971875 0.02099358974358974
