12 0.10992968750000001 0.7657010309278349 0.21985937500000002 0.35272164948453605
10 0.4488828125 0.8524742268041237 0.13995312499999998 0.27026804123711345
46 0.4754765625 0.7106288659793814 0.110109375 0.1438144329896907
44 0.6861562500000001 0.5855567010309279 0.1325625 0.023030927835051545
5 0.7561796875 0.549958762886598 0.013890625 0.051340206185567006
5 0.62565625 0.5528659793814432 0.01871875 0.04569072164948454
60 0.6878828125000002 0.7820309278350516 0.049296875 0.033298969072164945
15 0.6939531249999998 0.8945257731958762 0.44787499999999997 0.1977525773195876
34 0.8520312500000001 0.6069484536082475 0.14906250000000001 0.46515463917525773
10 0.6538203125 0.7232989690721648 0.116796875 0.08461855670103093
