61 0.34739485981308404 0.7681874999999999 0.34436915887850467 0.387875
5 0.1866705607476635 0.21430468750000004 0.039135514018691586 0.056140625
10 0.7663317757009347 0.8210234375000001 0.46733644859813084 0.334765625
10 0.10490654205607478 0.5905 0.20981308411214955 0.44781250000000006
49 0.6727102803738318 0.9506093750000001 0.0555607476635514 0.04096875
9 0.529018691588785 0.287734375 0.046588785046728975 0.0159375
13 0.3444626168224299 0.23327343749999996 0.05168224299065421 0.033703125
28 0.5670210280373831 0.274203125 0.0463785046728972 0.0208125
4 0.3694976635514019 0.272109375 0.15413551401869158 0.0326875
4 0.806144859813084 0.3271796875 0.14939252336448597 0.027421875
0 0.6009696261682244 0.5471796875 0.245303738317757 0.18426562500000002
28 0.5685981308411215 0.2619453125 0.047009345794392525 0.014609375
21 0.44640186915887853 0.2528515625 0.20457943925233646 0.032265625
4 0.8018808411214954 0.34796875 0.1502570093457944 0.026250000000000006
49 0.2835280373831776 0.46753124999999995 0.2796261682242991 0.187
25 0.49268691588785046 0.18132031250000005 0.22018691588785047 0.10748437500000002
