39 0.31589062500000004 0.27043933054393304 0.28853125 0.2421338912133891
39 0.820640625 0.3744874476987448 0.245875 0.32098326359832635
10 0.3264453125 0.7314644351464437 0.646171875 0.5101255230125523
13 0.21807812499999998 0.46562761506276146 0.060406249999999995 0.13284518828451883
25 0.52953125 0.35506276150627614 0.2534375 0.3011297071129707
28 0.7054453124999999 0.6098221757322176 0.052953125000000004 0.07140167364016738
21 0.49109375000000005 0.581694560669456 0.26040625 0.1413807531380753
9 0.878609375 0.6484623430962343 0.08581250000000001 0.06855648535564854
4 0.022468750000000003 0.9631380753138075 0.04415625 0.06380753138075314
4 0.012296875 0.9389225941422594 0.02459375 0.04462343096234309
35 0.8775937500000001 0.6499372384937239 0.08378125 0.062175732217573214
