39 0.4013125 0.31878125 0.166125 0.17410416666666662
39 0.54784375 0.33662499999999995 0.12037500000000001 0.18516666666666665
39 0.639703125 0.3661666666666667 0.06381250000000001 0.201375
10 0.2225 0.6221354166666667 0.3135 0.5973541666666667
2 0.6126406249999999 0.7786562499999999 0.77021875 0.44268750000000007
9 0.6175546875 0.53271875 0.038734375 0.020145833333333328
28 0.5210156250000001 0.4814583333333334 0.03703125 0.028208333333333332
21 0.5203593750000001 0.44053125000000004 0.1223125 0.05410416666666666
4 0.31525781249999996 0.42965625 0.045234375 0.03085416666666667
4 0.36286718749999997 0.42451041666666667 0.032921875 0.03839583333333333
0 0.070765625 0.9229999999999999 0.07959374999999999 0.14104166666666668
13 0.5897968750000001 0.4453854166666666 0.02634375 0.07497916666666667
