39 0.251953125 0.1759891304347826 0.49921875 0.3519782608695652
9 0.7282734375 0.6568369565217392 0.053359375 0.03384782608695652
13 0.67659375 0.6658478260869565 0.039875 0.0796086956521739
25 0.517296875 0.6433152173913044 0.20240624999999998 0.22280434782608693
28 0.46253124999999995 0.7678804347826087 0.03775 0.03202173913043478
21 0.6018984375 0.7355434782608695 0.12160937499999999 0.07056521739130435
10 0.8573359374999999 0.9019565217391304 0.20060937499999998 0.19608695652173913
4 0.468359375 0.7919347826086955 0.21728125 0.11182608695652173
35 0.20417968750000004 0.5884021739130435 0.065828125 0.0463695652173913
9 0.7646796874999999 0.6539130434782607 0.045453125 0.03026086956521739
