5 0.712359375 0.3811145833333333 0.01296875 0.05985416666666667
10 0.5088750000000001 0.83978125 0.23709375000000002 0.2989375
10 0.6112890625 0.78925 0.180640625 0.38708333333333333
10 0.7996015624999999 0.63184375 0.074421875 0.2514375
12 0.9453125 0.7693958333333333 0.109375 0.4417916666666667
15 0.37234375 0.7133541666666666 0.6879375 0.5484583333333333
32 0.7313359374999999 0.45782291666666663 0.193671875 0.24747916666666664
34 0.233109375 0.39753124999999995 0.15540625 0.3558541666666667
6 0.34811718750000004 0.6151041666666667 0.11542187500000001 0.10304166666666667
46 0.5144765625000001 0.46918750000000004 0.187296875 0.05683333333333333
44 0.62271875 0.40797916666666667 0.076625 0.011291666666666667
25 0.6543359375 0.4520729166666666 0.055765625 0.05660416666666667
43 0.048875 0.26337499999999997 0.091 0.12808333333333333
44 0.31219531250000004 0.5667916666666667 0.21345312500000002 0.06970833333333333
13 0.7575234375000001 0.26339583333333333 0.023109374999999998 0.04591666666666667
25 0.5919375 0.48196875000000006 0.06153125 0.0813125
10 0.6685390625000001 0.6567604166666666 0.088921875 0.09939583333333334
46 0.47209375000000003 0.43478125000000006 0.07384375 0.0574375
