47 0.371421875 0.44329166666666675 0.10721875 0.24379166666666666
39 0.14209375000000002 0.4023541666666667 0.2169375 0.22645833333333334
12 0.5 0.7569895833333333 1.0 0.4645208333333333
10 0.4288828125 0.4935625 0.109171875 0.19725
10 0.7571875 0.5415312499999999 0.20856249999999998 0.26106250000000003
15 0.37290625 0.4840416666666667 0.10593749999999998 0.162
34 0.504515625 0.36721875000000004 0.07840625 0.2451875
35 0.703484375 0.6340104166666667 0.031906250000000004 0.0143125
56 0.5753124999999999 0.3212291666666667 0.023 0.02383333333333333
4 0.6095390625 0.6867812499999999 0.097984375 0.051062500000000004
4 0.6452734374999999 0.6634479166666667 0.091453125 0.04877083333333333
10 0.3474453125 0.5141666666666667 0.052109375 0.10866666666666665
10 0.893484375 0.45489583333333344 0.07153125 0.15008333333333335
10 0.824953125 0.3898229166666667 0.07075000000000001 0.059229166666666666
10 0.9184531250000001 0.36363541666666666 0.03096875 0.014895833333333336
15 0.8803203124999999 0.37825 0.106640625 0.021291666666666667
10 0.44886718749999993 0.4534583333333333 0.068265625 0.154
