39 0.8725234374999999 0.45354166666666657 0.16057812499999996 0.36991666666666667
39 0.155546875 0.3565520833333333 0.13859375000000002 0.1704375
5 0.4906015625 0.4485729166666667 0.029640624999999997 0.11056249999999998
10 0.4346796875 0.7268854166666666 0.34354687500000003 0.5290208333333334
58 0.874609375 0.8782395833333334 0.055406250000000004 0.04064583333333334
25 0.6934609374999999 0.3806875 0.212734375 0.22237499999999996
28 0.567125 0.596 0.05506249999999999 0.028666666666666667
21 0.693640625 0.6609479166666666 0.17996875000000004 0.12622916666666667
4 0.38490625 0.47148958333333335 0.0758125 0.025645833333333333
4 0.2780078125 0.4171041666666666 0.06754687499999999 0.03695833333333333
58 0.8623359375000001 0.8250833333333333 0.062609375 0.037083333333333336
4 0.094640625 0.4856250000000001 0.13415625 0.04720833333333333
4 0.40271093750000003 0.4835625 0.11851562499999999 0.05370833333333334
13 0.6524921874999999 0.8835833333333332 0.075171875 0.17258333333333334
