13 0.2229765625 0.7591705607476635 0.10492187500000001 0.21282710280373832
25 0.5445703125 0.5550233644859813 0.4009531250000001 0.5771962616822429
6 0.27368750000000003 0.6879322429906543 0.11928125000000002 0.14198598130841122
21 0.5853437499999999 0.9361098130841121 0.48240625000000004 0.08315420560747665
21 0.541875 0.7098598130841123 0.32025000000000003 0.09785046728971963
4 0.0918203125 0.7665771028037384 0.183640625 0.10712616822429907
55 0.9070156250000001 0.6088901869158879 0.08490625 0.13123831775700934
39 0.17585156249999997 0.34054906542056074 0.348234375 0.4326401869158879
4 0.08775000000000002 0.8231308411214953 0.17184375000000002 0.077803738317757
4 0.08250781250000001 0.8696962616822429 0.161546875 0.03635514018691589
4 0.08117187500000002 0.9215771028037382 0.14515625000000001 0.024696261682242992
4 0.08598437499999999 0.9606074766355138 0.15459375 0.051962616822429905
4 0.23237499999999997 0.9339252336448598 0.14265624999999998 0.025514018691588786
9 0.833828125 0.6919626168224299 0.10953125 0.06967289719626168
