5 0.34059000000000006 0.16253333333333334 0.032420000000000004 0.14698666666666665
25 0.5014 0.2 0.23427999999999996 0.28762666666666664
28 0.7062999999999999 0.34630666666666665 0.05016 0.05378666666666667
35 0.7772299999999999 0.33582666666666666 0.0901 0.05266666666666667
13 0.053579999999999996 0.32242666666666664 0.03908 0.10421333333333332
13 0.08648 0.33216 0.039920000000000004 0.07792
10 0.9213499999999999 0.6595466666666667 0.15730000000000002 0.43818666666666667
6 0.20666 0.20401333333333332 0.08344 0.05042666666666666
4 0.8248599999999999 0.3107866666666667 0.15064 0.06344
15 0.47338 0.5771333333333334 0.93116 0.6831200000000002
