12 0.5 0.669375 1.0 0.6445416666666667
32 0.5142265625 0.386125 0.169578125 0.4500416666666667
32 0.6457421875 0.5069583333333333 0.635640625 0.7376666666666665
32 0.19653124999999996 0.2924583333333333 0.3928749999999999 0.44079166666666664
25 0.3359765625 0.42259375000000005 0.237953125 0.19289583333333338
25 0.7179765625000001 0.40561458333333333 0.23595312499999999 0.19102083333333333
12 0.7966328125 0.8251562499999998 0.406734375 0.32135416666666666
9 0.5255546875 0.6595833333333333 0.057890624999999994 0.022541666666666668
40 0.6840781250000001 0.07039583333333334 0.04328125 0.11933333333333333
15 0.291234375 0.8870104166666666 0.5785625 0.1948125
9 0.03496875 0.861375 0.0699375 0.067375
34 0.7861562500000001 0.08510416666666668 0.17 0.07916666666666666
5 0.8728828125 0.07830208333333333 0.033140625 0.0836875
40 0.5731562499999999 0.0988125 0.013656250000000002 0.03491666666666667
