10 0.18032812499999998 0.5894404761904762 0.14003125 0.33621428571428574
10 0.71340625 0.5397857142857143 0.145375 0.22366666666666662
15 0.19301562500000002 0.5688214285714286 0.2995625 0.32707142857142857
10 0.7742265624999999 0.7370833333333334 0.395234375 0.5258333333333334
34 0.5296640625 0.2625357142857143 0.063046875 0.17145238095238097
25 0.17629687500000002 0.38352380952380954 0.09275 0.08728571428571427
4 0.291796875 0.9228690476190476 0.14315625 0.1335952380952381
4 0.1769921875 0.8650833333333332 0.14951562499999999 0.1336904761904762
46 0.42578906250000004 0.39148809523809525 0.034390625 0.18692857142857144
44 0.5117578125000001 0.35965476190476187 0.11207812499999999 0.061500000000000006
15 0.5924453125 0.47784523809523805 0.135171875 0.09964285714285716
