39 0.7735859375000002 0.23530516431924883 0.218359375 0.2055399061032864
12 0.3771875 0.7419366197183098 0.58259375 0.4903051643192488
10 0.2912109375 0.4461150234741784 0.10614062500000002 0.21335680751173708
10 0.29404687500000004 0.3543427230046948 0.061812500000000006 0.07131455399061033
10 0.15783593750000002 0.46643192488262913 0.140828125 0.15938967136150237
15 0.18225000000000002 0.4548943661971831 0.23859375 0.20072769953051645
4 0.717234375 0.48791079812206567 0.025843749999999995 0.010985915492957748
6 0.7706875000000001 0.3968192488262911 0.04815625 0.04795774647887324
6 0.20627343750000002 0.38518779342723003 0.057703125 0.025962441314553993
4 0.716734375 0.475962441314554 0.02390625 0.015070422535211268
4 0.7163437500000001 0.4933450704225351 0.02353125 0.005845070422535212
4 0.677078125 0.4784741784037559 0.027843749999999997 0.029530516431924884
