47 0.0636328125 0.49886946386946385 0.041234375000000004 0.12804195804195803
39 0.44060156250000004 0.4915734265734266 0.12501562500000002 0.11461538461538462
10 0.0499375 0.6086363636363636 0.06834375000000001 0.09480186480186481
12 0.15240625000000002 0.792027972027972 0.3019375 0.3944055944055943
12 0.7777109375000001 0.8666666666666667 0.442546875 0.24083916083916082
15 0.44240624999999995 0.8023543123543123 0.38009375 0.2447086247086247
50 0.4219453124999999 0.6903729603729603 0.015921875 0.02582750582750583
46 0.1742578125 0.5811771561771562 0.06226562500000001 0.08687645687645688
44 0.2711328125 0.5265151515151515 0.073359375 0.009207459207459207
13 0.8756328125 0.5309440559440559 0.015796875 0.045151515151515144
10 0.17244531249999998 0.6201981351981352 0.048390625 0.17354312354312357
10 0.33328125 0.6320629370629369 0.15409375 0.20682983682983683
15 0.11464062500000001 0.6492657342657343 0.11353125 0.13424242424242425
6 0.472375 0.8144289044289045 0.05328125 0.025594405594405595
44 0.2390703125 0.49642191142191144 0.22173437499999998 0.08459207459207459
40 0.587328125 0.6196270396270396 0.0139375 0.06317016317016318
