39 0.8669921875000002 0.35784374999999996 0.18657812499999998 0.19014583333333332
5 0.4125078125 0.7078437499999999 0.022171875 0.10856249999999999
5 0.44024218750000005 0.7550000000000001 0.022359375 0.11870833333333333
10 0.18038281250000002 0.6860729166666667 0.288609375 0.4405208333333333
32 0.3062890625 0.5848541666666667 0.442421875 0.22316666666666665
32 0.20263281249999998 0.4852708333333334 0.128046875 0.2294166666666667
32 0.30140625 0.44297916666666665 0.09234375 0.212375
12 0.286515625 0.8838958333333333 0.56965625 0.2
13 0.5127578125 0.7923229166666667 0.031921875 0.09302083333333332
4 0.5928203124999999 0.7509270833333334 0.08401562500000001 0.07322916666666666
4 0.21365625 0.46456250000000004 0.04009375 0.029166666666666664
11 0.46589062500000006 0.20447916666666666 0.06243750000000001 0.08712499999999998
32 0.8564765624999999 0.36304166666666676 0.025265625000000003 0.08195833333333334
13 0.406109375 0.7892291666666666 0.025531249999999995 0.049958333333333334
12 0.11734374999999998 0.5433437499999999 0.22331249999999997 0.2510208333333333
9 0.9152421874999999 0.7263958333333335 0.024890625000000003 0.020166666666666666
40 0.9689921875000002 0.5939374999999999 0.025109375 0.10862500000000001
