9 0.32653906250000003 0.9390520833333333 0.088828125 0.05135416666666667
32 0.5734296875 0.5350208333333333 0.329609375 0.3699583333333333
32 0.22415624999999997 0.7123541666666666 0.42471875 0.40449999999999997
32 0.0755 0.32012500000000005 0.151 0.6398333333333334
32 0.7651718750000001 0.4516875 0.1516875 0.37304166666666666
25 0.45253125 0.7955000000000001 0.32190624999999995 0.27416666666666667
25 0.7306171874999999 0.7052395833333333 0.264609375 0.21572916666666667
4 0.9331484375 0.67865625 0.13370312499999998 0.08989583333333333
10 0.95575 0.5718645833333333 0.064125 0.15414583333333332
10 0.04095312500000001 0.7132291666666667 0.08190625000000001 0.173125
15 0.5058984375 0.8033750000000001 0.988203125 0.37079166666666663
32 0.6808984375 0.22471875 0.208984375 0.4359375
32 0.9407890625 0.3440000000000001 0.11842187500000001 0.2775416666666667
12 0.8850312499999999 0.3872916666666667 0.11568750000000001 0.19945833333333332
