47 0.45358999999999994 0.17584 0.23686 0.35168
10 0.04336 0.4199066666666667 0.08672 0.3297866666666667
10 0.91524 0.7819733333333333 0.16952 0.43088
10 0.2011 0.37381333333333333 0.16811999999999996 0.30090666666666666
15 0.4421022907792211 0.6844717057090888 0.8806445815584422 0.6015099219151566
32 0.70628 0.7264533333333334 0.38339999999999996 0.51568
32 0.3446 0.32677333333333336 0.19879999999999998 0.2729066666666667
25 0.5073 0.6303333333333334 0.3472 0.40674666666666665
25 0.36321 0.44606666666666667 0.28146 0.17751999999999998
13 0.6631199999999999 0.4414666666666667 0.046759999999999996 0.11013333333333332
13 0.51998 0.3314666666666667 0.028160000000000004 0.03104
39 0.6252800000000001 0.2730266666666667 0.13484000000000002 0.15506666666666666
21 0.50309 0.71012 0.2073 0.16178666666666663
21 0.32722 0.4721466666666667 0.09464 0.07336000000000001
21 0.54964 0.373 0.14848 0.06152
9 0.36088999999999993 0.3920133333333334 0.041979999999999996 0.03389333333333334
4 0.22560000000000002 0.19486666666666663 0.1354 0.14744
4 0.15289999999999998 0.6880533333333334 0.288 0.19125333333333333
4 0.8969799999999999 0.6077199999999999 0.02916 0.09645333333333334
10 0.68111 0.39620000000000005 0.22958 0.16744
