12 0.6863800000000001 0.8679100000000001 0.3546 0.26418
32 0.32332 0.5913499999999999 0.537 0.8092999999999999
9 0.46999 0.43256 0.04906 0.10583999999999999
13 0.10857000000000001 0.28624 0.07178 0.06948
25 0.31277 0.33286 0.29354 0.30392
4 0.07637999999999999 0.37427999999999995 0.15175999999999998 0.11012000000000001
4 0.58405 0.57091 0.10857999999999998 0.13402
4 0.02913 0.27648000000000006 0.05826 0.08651999999999999
10 0.9239399999999999 0.16222999999999999 0.15212 0.32445999999999997
12 0.07673 0.8861399999999999 0.15346 0.20296
12 0.9211800000000001 0.16408999999999999 0.15763999999999997 0.32266
