12 0.5846796875 0.426875 0.288703125 0.2
11 0.181515625 0.15519791666666666 0.02840625 0.0946875
10 0.40865625 0.3171875 0.06109375 0.12987500000000002
10 0.7676484375000001 0.5031458333333334 0.184546875 0.318875
10 0.7339843750000001 0.4555 0.12978125000000001 0.23370833333333332
12 0.34382031249999995 0.7692916666666667 0.40448437499999995 0.4022500000000001
13 0.229609375 0.3748020833333333 0.017781250000000002 0.03189583333333333
13 0.24474999999999997 0.3791979166666667 0.0133125 0.024645833333333332
13 0.26939843750000003 0.35139583333333335 0.024515625 0.03720833333333333
13 0.204375 0.3793958333333333 0.019625 0.028541666666666667
10 0.33876562499999996 0.7786458333333333 0.39775 0.39775
43 0.305828125 0.300375 0.07165625 0.066875
34 0.379390625 0.3800520833333333 0.0325 0.1539375
4 0.5467109375 0.48922916666666666 0.075140625 0.040791666666666664
0 0.043828125 0.8116875 0.08765625 0.2
15 0.5538203125 0.5383020833333333 0.187890625 0.1995625
15 0.186203125 0.5697395833333333 0.20793750000000003 0.2648125
13 0.25400781250000004 0.3723020833333333 0.019109375 0.029979166666666668
4 0.485078125 0.5092395833333333 0.04928125 0.03364583333333333
