39 0.5134687499999999 0.2649140625 0.46431249999999996 0.256578125
9 0.08835416666666665 0.8031015625000001 0.17466666666666664 0.093578125
25 0.5417604166666665 0.625515625 0.7712708333333331 0.4730625
4 0.025697916666666668 0.318671875 0.04760416666666667 0.10168749999999999
4 0.9003125 0.29471875 0.06108333333333334 0.08931249999999999
32 0.5247812500000001 0.2792578125 0.24127083333333335 0.205421875
13 0.106375 0.592703125 0.15875 0.33165625
4 0.02645833333333333 0.44147656249999995 0.05291666666666666 0.085859375
4 0.022541666666666665 0.5458828124999999 0.011000000000000001 0.059515625
28 0.9867708333333334 0.7618125 0.024250000000000004 0.04825
