10 0.574265625 0.4057187500000001 0.24046875 0.2286875
13 0.9436796874999999 0.6298125 0.11264062500000001 0.22433333333333338
25 0.5468359375 0.8554479166666666 0.479234375 0.2853541666666667
21 0.9494218749999999 0.7963333333333332 0.10115625 0.23216666666666666
4 0.42400000000000004 0.5982604166666666 0.36215625 0.1351875
10 0.0251875 0.2759375 0.04996875 0.16170833333333334
39 0.14942187499999998 0.26521875 0.17765625 0.22114583333333335
39 0.36796875 0.23202083333333334 0.13159375 0.13041666666666668
28 0.042929687499999994 0.3538854166666667 0.021890625 0.03252083333333333
54 0.45094531250000003 0.6642291666666666 0.07670312500000001 0.05366666666666667
