39 0.21803125 0.2529375 0.2092291666666667 0.145625
10 0.5729375 0.48890625 0.169 0.13328125
10 0.6451145833333334 0.8335078125 0.42239583333333336 0.30279687499999997
10 0.235125 0.705984375 0.41862499999999997 0.3010625
12 0.8050625000000001 0.437234375 0.38258333333333333 0.19125
12 0.9419999999999998 0.6509062499999999 0.11358333333333334 0.26584375
15 0.4172604166666667 0.7813046875 0.8282291666666667 0.43739062500000003
13 0.05514583333333333 0.8399921875000002 0.11029166666666666 0.230796875
6 0.13382291666666668 0.7767578125 0.21477083333333333 0.15232812499999998
51 0.42559375000000005 0.4971484375 0.1536875 0.071671875
50 0.15708333333333335 0.7811328125 0.06379166666666666 0.035078125
60 0.11661458333333334 0.7966093750000001 0.05410416666666666 0.013187499999999998
25 0.8978958333333334 0.44449999999999995 0.10841666666666666 0.061312500000000006
25 0.8634583333333333 0.49346093750000003 0.10383333333333335 0.036765625
