47 0.0939453125 0.3125443786982249 0.104546875 0.11153846153846154
47 0.6687890625000001 0.3906360946745562 0.046265625 0.10328402366863905
39 0.9859921875000001 0.43988165680473373 0.028015625 0.19550295857988165
10 0.6059296875000001 0.671819526627219 0.115546875 0.45849112426035504
15 0.6748281250000001 0.6589792899408283 0.18603125 0.4822781065088757
10 0.7471328125 0.6592603550295858 0.125765625 0.4644378698224852
2 0.1730859375 0.797766272189349 0.346171875 0.3780769230769231
6 0.6188906250000001 0.4332692307692308 0.02728125 0.024349112426035505
6 0.7188046875 0.4303846153846154 0.028046875 0.02130177514792899
25 0.0395234375 0.7183579881656804 0.078390625 0.123698224852071
35 0.735796875 0.9416863905325443 0.07078124999999999 0.04159763313609468
35 0.7139375 0.9676923076923076 0.07834375 0.040710059171597625
35 0.6925625 0.9869230769230769 0.04778124999999999 0.02497041420118343
9 0.797609375 0.9928254437869823 0.031 0.014349112426035503
