5 0.5173984374999999 0.6437616822429907 0.023421875 0.09411214953271027
34 0.8400468750000001 0.4454088785046729 0.08228125 0.16553738317757008
10 0.48014843749999997 0.8707943925233644 0.154796875 0.2269626168224299
10 0.6814999999999999 0.8576168224299066 0.1724375 0.24887850467289716
10 0.897171875 0.8629205607476637 0.198375 0.2741588785046729
10 0.25717968750000003 0.8218224299065422 0.16823437500000002 0.3563551401869159
15 0.6506953125 0.6986915887850468 0.6986093749999999 0.19504672897196262
32 0.47939062499999996 0.5112266355140187 0.1683125 0.31235981308411215
13 0.505296875 0.698142523364486 0.030625000000000003 0.08039719626168224
46 0.39994531250000004 0.5788785046728973 0.047078125 0.1888317757009346
44 0.21940625 0.5552102803738318 0.11421875 0.026962616822429904
4 0.660828125 0.7402686915887852 0.10553125000000002 0.061471962616822425
43 0.7732968749999999 0.4730724299065421 0.014499999999999999 0.07207943925233645
