12 0.40229687500000005 0.6843645833333334 0.6472187500000001 0.6102708333333333
12 0.921453125 0.59684375 0.15709375 0.2590208333333333
25 0.813203125 0.9288333333333333 0.1028125 0.13258333333333333
25 0.8915781250000001 0.43146874999999996 0.07753125 0.0494375
5 0.838125 0.42069791666666667 0.009875 0.04010416666666667
5 0.6921171875000001 0.3100833333333333 0.018453125 0.044125
13 0.7705859375 0.7786875000000001 0.033640625 0.058499999999999996
9 0.7864609375 0.8336250000000001 0.045015625 0.03925
10 0.6607109375 0.47057291666666673 0.255609375 0.32452083333333337
10 0.921484375 0.5973229166666666 0.15703125 0.26327083333333334
