5 0.33520312500000005 0.3055416666666667 0.014812500000000001 0.03520833333333333
34 0.6230859375 0.32183333333333336 0.126828125 0.2970416666666667
10 0.433015625 0.8362083333333333 0.3178125 0.3004583333333333
10 0.43957812499999993 0.5533437499999999 0.17284375000000002 0.16722916666666665
10 0.6390078124999999 0.5451041666666666 0.17489062500000002 0.15695833333333334
15 0.5681015625000001 0.7962187499999999 0.863796875 0.3766875
44 0.3740625 0.3267604166666667 0.122125 0.025687499999999995
43 0.22797656249999995 0.20794791666666668 0.028078125 0.0813125
40 0.6271171875 0.15610416666666668 0.013265624999999998 0.035958333333333335
10 0.7705078125 0.8255312499999999 0.388671875 0.3203125
46 0.22949999999999998 0.37121874999999993 0.13434375 0.04527083333333334
13 0.46242968749999996 0.3165520833333333 0.012953125 0.03747916666666666
