39 0.783609375 0.21437269372693726 0.08931249999999999 0.33140221402214026
5 0.05121874999999999 0.4348523985239852 0.01984375 0.16579335793357936
10 0.5512343749999999 0.652509225092251 0.10393749999999999 0.2440590405904059
10 0.8138515625000001 0.7682287822878229 0.109171875 0.4601476014760147
10 0.44583593750000006 0.5939298892988931 0.058140625 0.1466789667896679
12 0.549375 0.6519372693726937 0.10949999999999999 0.2370848708487085
2 0.2455078125 0.7082472324723247 0.336734375 0.4243911439114391
40 0.051953125 0.43520295202952025 0.021937499999999995 0.16693726937269374
10 0.692328125 0.7357011070110702 0.1431875 0.38571955719557194
12 0.694578125 0.737859778597786 0.1394375 0.3800738007380074
15 0.49415624999999996 0.529280442804428 0.05334375 0.03590405904059041
40 0.2920546875 0.45302583025830256 0.011046875000000001 0.12154981549815497
