10 0.4603046875 0.7509687500000001 0.34764062500000004 0.47210416666666677
39 0.5022421874999999 0.17977083333333332 0.188765625 0.24270833333333333
25 0.1314609375 0.4243541666666667 0.259546875 0.301125
25 0.6714375 0.4014479166666666 0.30696875 0.3424375
25 0.393296875 0.32346874999999997 0.20446875000000003 0.2171875
28 0.77140625 0.5359270833333334 0.04859375000000001 0.0670625
4 0.24978906250000002 0.4733229166666667 0.10364062499999999 0.14031249999999998
13 0.9345390625000001 0.4981875 0.067453125 0.10745833333333334
28 0.5057421874999999 0.4036770833333334 0.041515625 0.04685416666666666
4 0.8768046875000001 0.4541666666666667 0.085734375 0.079875
21 0.663125 0.45009375000000007 0.17678125 0.11039583333333333
