5 0.29585156250000005 0.18572916666666664 0.019359375 0.023083333333333334
12 0.7103984374999999 0.5444895833333333 0.457421875 0.5511041666666666
65 0.178078125 0.41458333333333336 0.10528124999999999 0.13858333333333334
35 0.8223828124999999 0.45727083333333335 0.061546874999999994 0.016874999999999998
0 0.3840078125 0.8457395833333333 0.19207812500000002 0.17356249999999998
28 0.8702109374999999 0.4309583333333334 0.026453125 0.014166666666666666
34 0.2968359375 0.39375 0.162859375 0.26683333333333337
4 0.41166406250000004 0.7054270833333334 0.084484375 0.0774375
10 0.13372656249999998 0.6971770833333334 0.26745312499999996 0.4999791666666667
46 0.9644531250000001 0.21511458333333333 0.047375 0.07397916666666667
