34 0.8073 0.2707333333333333 0.28987999999999997 0.20674666666666666
10 0.44272999999999996 0.15232 0.16594 0.23573333333333335
10 0.34932 0.07837333333333334 0.21252000000000001 0.15674666666666667
12 0.81336 0.8684000000000001 0.37327999999999995 0.2632
32 0.5233099999999999 0.23258666666666666 0.37921999999999995 0.34384
32 0.6200199999999999 0.46001333333333333 0.41052 0.2222133333333333
32 0.28103 0.6235866666666667 0.5079 0.5846666666666667
25 0.58062 0.7280933333333333 0.2174 0.24717333333333333
25 0.6209399999999998 0.3642133333333333 0.07551999999999999 0.2184
46 0.6764600000000001 0.22189333333333333 0.14216 0.15386666666666668
32 0.57809 0.0558 0.1753 0.10338666666666667
5 0.7670600000000001 0.16705333333333336 0.04412 0.045573333333333334
21 0.53191 0.7245333333333334 0.054299999999999994 0.19658666666666666
9 0.53367 0.5472933333333334 0.023860000000000003 0.04168
10 0.6618200000000001 0.4970533333333333 0.35384 0.34925333333333325
