47 0.6030546874999999 0.4490983606557377 0.030421874999999998 0.21416861826697894
66 0.472703125 0.29119437939110077 0.01990625 0.07217798594847775
12 0.4103515625 0.6623653395784543 0.241046875 0.29245901639344263
10 0.825015625 0.8410070257611243 0.2955625 0.29676814988290395
32 0.7366718750000001 0.4268032786885246 0.52665625 0.8446135831381733
11 0.22307812500000004 0.32114754098360654 0.026156250000000002 0.03789227166276347
25 0.41704687500000004 0.7599297423887585 0.3484375 0.4770491803278688
13 0.46 0.9614402810304449 0.14809375 0.07711943793911007
47 0.10984375 0.32199063231850117 0.049312499999999995 0.14252927400468385
25 0.1689453125 0.5873302107728338 0.08845312499999998 0.09896955503512879
15 0.4601015625 0.8940281030444964 0.466171875 0.18440281030444963
11 0.7227109375 0.633688524590164 0.026234374999999997 0.064192037470726
40 0.10831249999999999 0.8090866510538642 0.21662499999999998 0.3558313817330211
