5 0.21815625 0.33549295774647886 0.11715625000000002 0.28788732394366195
9 0.350765625 0.534988262910798 0.0979375 0.07866197183098592
68 0.8914687499999999 0.4117723004694836 0.0856875 0.09438967136150236
68 0.941875 0.4783333333333333 0.083125 0.0823943661971831
68 0.847015625 0.464518779342723 0.10190625 0.0957042253521127
4 0.5067265625 0.6488967136150233 0.27151562500000004 0.30014084507042255
4 0.13138281249999997 0.5880281690140845 0.259859375 0.19812206572769955
13 0.7291328125000001 0.558356807511737 0.090390625 0.22140845070422532
15 0.5 0.6694835680751174 1.0 0.6610328638497652
25 0.6536562499999999 0.35632629107981223 0.28718750000000004 0.42471830985915493
