12 0.5635390625 0.7303994490358126 0.670421875 0.46680440771349857
15 0.43369531250000004 0.4324793388429752 0.248390625 0.05619834710743801
10 0.42180468749999994 0.46979338842975205 0.08873437499999999 0.05611570247933884
10 0.4444687499999999 0.4439393939393939 0.08321874999999998 0.10303030303030303
10 0.65421875 0.4591184573002755 0.0395 0.08539944903581267
10 0.2994921875 0.4728787878787879 0.041984375000000004 0.1221763085399449
44 0.4759296875 0.27483471074380167 0.06979687500000001 0.008512396694214875
4 0.1806875 0.6325206611570247 0.07956250000000001 0.028732782369146004
4 0.1804375 0.6178925619834712 0.07371875 0.026308539944903585
45 0.14142187499999997 0.5235399449035814 0.09653125 0.13011019283746555
13 0.52484375 0.4053856749311294 0.0166875 0.05661157024793389
10 0.328453125 0.4266115702479339 0.04515624999999999 0.06760330578512397
25 0.5075000000000001 0.3968870523415978 0.06821875 0.07515151515151515
35 0.18829687499999997 0.6520110192837465 0.053437500000000006 0.025840220385674934
43 0.325390625 0.17935261707988978 0.02559375 0.07236914600550964
40 0.8030703125 0.346060606060606 0.030234375 0.1090909090909091
46 0.359203125 0.3548071625344352 0.02046875 0.1040495867768595
34 0.5245000000000001 0.258236914600551 0.017937500000000002 0.2375206611570248
