5 0.7796718749999999 0.39223653395784547 0.0096875 0.0782903981264637
12 0.8603671875 0.7885011709601872 0.27926562499999996 0.2624824355971897
34 0.5479921874999999 0.5488758782201405 0.15142187499999998 0.39550351288056207
11 0.3230703125 0.32633489461358317 0.048703125 0.07243559718969556
15 0.73284375 0.8592740046838406 0.5343125 0.2550351288056206
44 0.33557031249999997 0.544566744730679 0.11920312500000002 0.02074941451990632
5 0.46282031250000005 0.4907611241217799 0.016140625 0.07875878220140516
10 0.49719531250000004 0.8778922716627635 0.207328125 0.242576112412178
62 0.9011406250000001 0.5997423887587822 0.03253125 0.09199063231850117
46 0.22224999999999998 0.5888407494145198 0.07628125 0.06925058548009368
5 0.2570703125 0.5181264637002342 0.017546875 0.07241217798594848
13 0.7577812500000001 0.2892974238875878 0.0143125 0.044402810304449654
13 0.780953125 0.28903981264637 0.0124375 0.032833723653395784
13 0.7192109375 0.296768149882904 0.013671875 0.04398126463700234
13 0.769921875 0.2889695550351288 0.010125 0.04037470725995316
43 0.13920312499999998 0.5771428571428572 0.09684374999999999 0.12421545667447306
