39 0.7411484374999999 0.6415023474178403 0.06967187500000001 0.10685446009389672
5 0.8705390624999998 0.7242136150234744 0.026921875 0.1519014084507042
5 0.536734375 0.6161150234741783 0.01665625 0.021948356807511737
12 0.20782812499999997 0.8199647887323944 0.23853124999999997 0.32833333333333337
10 0.8368906250000001 0.8730399061032863 0.14809375 0.22246478873239436
10 0.7006874999999999 0.6993661971830986 0.083875 0.10230046948356807
15 0.7133828124999999 0.7913615023474178 0.38207812499999994 0.11211267605633803
32 0.3950234375 0.6734272300469485 0.130421875 0.5675586854460094
6 0.5454609375 0.6633098591549296 0.04042187500000001 0.038215962441314553
34 0.2526171875 0.7038145539906104 0.128953125 0.1474882629107981
6 0.3175703125 0.8889906103286386 0.059578125 0.05892018779342723
