5 0.5975 0.56025 0.0631875 0.21062499999999995
10 0.8684999999999999 0.8447604166666668 0.25968749999999996 0.30752083333333335
10 0.30039843749999995 0.21013541666666666 0.126734375 0.3232708333333333
39 0.5473671875000001 0.2547083333333333 0.270734375 0.34529166666666666
39 0.7811796875 0.15917708333333333 0.21404687500000003 0.22022916666666664
9 0.52021875 0.5172916666666666 0.09818750000000001 0.06391666666666666
9 0.6610234375 0.5787604166666666 0.073046875 0.08135416666666666
13 0.040453125 0.6095208333333334 0.08046875 0.13574999999999998
25 0.36657031250000005 0.5415729166666666 0.36573437499999994 0.4629375
25 0.8761328125000002 0.28837499999999994 0.22517187500000002 0.266375
21 0.6183046874999999 0.42325 0.243953125 0.18070833333333333
4 0.085109375 0.8898854166666667 0.17021875 0.19327083333333334
0 0.1291953125 0.38499999999999995 0.124171875 0.13870833333333332
13 0.017765625 0.70659375 0.0345625 0.09877083333333331
13 0.0126640625 0.5311666666666667 0.021421875 0.05975
39 0.278671875 0.8423125 0.2899375 0.3045
21 0.870984375 0.35171875 0.17115625 0.0538125
