47 0.14896874999999998 0.18009375 0.04684375 0.14164583333333333
39 0.45253125 0.30168750000000005 0.17021875 0.21125000000000005
12 0.397578125 0.8215104166666666 0.79515625 0.35697916666666674
35 0.6396171874999999 0.7261979166666666 0.05670312499999999 0.0715625
4 0.4827109375 0.6784791666666666 0.09489062499999999 0.068875
13 0.56353125 0.7409895833333334 0.04975 0.07427083333333333
32 0.8099296875 0.6293541666666667 0.380140625 0.7412916666666667
10 0.7411249999999998 0.9737395833333333 0.153875 0.052145833333333336
4 0.4358437499999999 0.6176875 0.13053125000000002 0.07695833333333332
40 0.19103124999999999 0.33581249999999996 0.04650000000000001 0.07233333333333333
