39 0.4268593750000001 0.38996875000000003 0.17415624999999998 0.1850625
15 0.134609375 0.8042083333333333 0.2663125 0.363625
53 0.9702890625 0.38385416666666655 0.059296875000000006 0.051125
13 0.5732109375 0.485 0.015140624999999998 0.035333333333333335
25 0.04813281249999999 0.7527291666666668 0.09626562499999998 0.08754166666666667
4 0.1948359375 0.68015625 0.111078125 0.04152083333333333
4 0.20209375000000002 0.7036666666666666 0.08325 0.030333333333333334
4 0.20639843750000003 0.7237916666666667 0.06979687500000001 0.013916666666666666
4 0.525234375 0.633625 0.023 0.04724999999999999
32 0.42307031249999993 0.21105208333333333 0.04942187499999999 0.13427083333333334
5 0.11915624999999999 0.7116979166666667 0.01984375 0.050229166666666665
2 0.18610156249999998 0.4863333333333334 0.045796875 0.08116666666666666
4 0.5091171875 0.6371041666666666 0.015890625 0.044916666666666674
32 0.4214140625 0.3746666666666666 0.057796875000000004 0.11620833333333333
