39 0.109546875 0.3786458333333333 0.21909375 0.3303333333333333
2 0.7904453125 0.7786562499999999 0.41460937500000006 0.42022916666666676
13 0.42267187500000003 0.4989479166666667 0.043375000000000004 0.03747916666666666
13 0.7824375 0.38145833333333334 0.023624999999999997 0.024666666666666667
25 0.6587890625 0.34710416666666666 0.081640625 0.14925
43 0.8440625 0.18502083333333336 0.059750000000000004 0.08608333333333333
4 0.33775 0.8308125 0.014343749999999999 0.12116666666666666
4 0.25753125 0.51878125 0.04303124999999999 0.0161875
45 0.16334374999999998 0.7560520833333334 0.17940624999999996 0.4853125
21 0.7068437499999999 0.4311145833333333 0.1065625 0.022395833333333334
21 0.659125 0.38545833333333335 0.0565625 0.038875
34 0.918140625 0.4007604166666667 0.16371875 0.3608958333333333
4 0.3835234375 0.8141354166666668 0.017046875 0.11110416666666666
4 0.3945937500000001 0.8097395833333334 0.016968749999999998 0.11614583333333334
13 0.9020546875000001 0.2007604166666667 0.017359375 0.03747916666666666
44 0.776875 0.386625 0.0620625 0.015125
4 0.301 0.491375 0.029749999999999995 0.027916666666666666
