73 0.12677333333333332 0.54496 0.25354666666666664 0.5302
32 0.40268 0.55838 0.57272 0.71812
25 0.6531333333333333 0.46366 0.46488 0.29231999999999997
20 0.43048000000000003 0.85012 0.18960000000000002 0.21152
45 0.6501466666666667 0.45946 0.4774666666666667 0.31307999999999997
5 0.9798133333333334 0.6227399999999998 0.04037333333333334 0.1524
28 0.65384 0.52293 0.07296 0.0173
4 0.9312933333333333 0.70254 0.13602666666666666 0.04184
15 0.7268399999999999 0.70294 0.54632 0.28764
39 0.7328266666666667 0.41794000000000003 0.18922666666666665 0.12748
0 0.23927999999999996 0.8910899999999999 0.27392 0.1807
