39 0.42259375000000005 0.2630416666666667 0.21368749999999997 0.25754166666666667
9 0.46592968749999997 0.45385416666666667 0.083609375 0.03245833333333333
21 0.43955468749999993 0.4183958333333333 0.21120312500000002 0.10354166666666668
13 0.09490625000000001 0.42152083333333334 0.053031249999999995 0.12870833333333334
4 0.7189999999999999 0.40270833333333333 0.12746875 0.07391666666666666
4 0.2848359375 0.4250416666666667 0.076953125 0.08841666666666664
4 0.29236718749999996 0.4753020833333333 0.081171875 0.051062500000000004
4 0.9537890624999998 0.6681458333333333 0.091484375 0.15295833333333334
10 0.42221093749999994 0.7385 0.32810937500000004 0.523
28 0.5788203125 0.4071458333333333 0.051140624999999995 0.042208333333333334
4 0.63909375 0.3843958333333333 0.1243125 0.06745833333333334
