5 0.8950390625000001 0.39471874999999995 0.035859375 0.1220625
10 0.5038203124999999 0.6252916666666667 0.07620312500000001 0.2749583333333333
12 0.19006250000000002 0.59325 0.23421875 0.31154166666666666
11 0.25228125 0.30041666666666667 0.04459375000000001 0.059958333333333336
21 0.578515625 0.5124583333333333 0.0640625 0.04225
21 0.6804921875 0.5113645833333333 0.029984375 0.021395833333333333
5 0.5309765625 0.6398229166666667 0.022390625 0.12860416666666666
13 0.6235234375 0.5204375 0.027359375000000005 0.04066666666666666
2 0.279453125 0.5003020833333334 0.37015625 0.17639583333333334
2 0.1935546875 0.6321874999999999 0.22682812500000002 0.23424999999999996
28 0.5647421875 0.5342708333333334 0.040453125 0.02041666666666667
4 0.5552578125000001 0.4242916666666667 0.006453125 0.04354166666666667
4 0.5843906249999999 0.43454166666666666 0.03821875 0.022166666666666668
39 0.7064999999999999 0.43603125 0.039125 0.14689583333333334
48 0.7167265625000002 0.7188541666666666 0.038609375 0.17154166666666668
5 0.6098203125 0.6350520833333334 0.023859375 0.05622916666666667
5 0.5474140625 0.6568333333333334 0.012265624999999997 0.03291666666666667
