12 0.21290625 0.8236562500000001 0.4258125 0.3311875000000001
10 0.8768203124999999 0.801625 0.24635937500000002 0.3913333333333334
15 0.5902222584022034 0.8389062500000002 0.3223679831955922 0.3221874999999999
32 0.422859375 0.5821145833333333 0.63821875 0.8212708333333333
13 0.6542890625 0.6957291666666667 0.030515625 0.06104166666666667
13 0.6905078125 0.7058958333333333 0.030296875 0.05629166666666666
35 0.7286171874999999 0.7847708333333334 0.062703125 0.04645833333333334
10 0.977140625 0.58296875 0.04571875 0.060229166666666674
44 0.5524453125000001 0.4972291666666667 0.05270312499999999 0.02733333333333333
40 0.5095234375000001 0.48533333333333334 0.026953125 0.08716666666666667
