10 0.7592890625 0.741 0.319265625 0.49774999999999997
21 0.7009062500000002 0.4757395833333334 0.25734375 0.08577083333333334
44 0.5797109375000001 0.1495729166666667 0.034109375 0.0183125
34 0.0657265625 0.2353125 0.131453125 0.470625
13 0.1572109375 0.65659375 0.065171875 0.14564583333333334
25 0.9306328125000001 0.7748229166666667 0.13873437500000002 0.20564583333333336
28 0.5775625000000001 0.5093645833333333 0.04915624999999999 0.029979166666666668
28 0.8295937499999999 0.5697395833333334 0.0321875 0.0204375
10 0.08303906250000001 0.9125937500000001 0.158609375 0.1659375
39 0.684609375 0.2878645833333333 0.2114375 0.24968749999999995
39 0.8567265624999999 0.3508958333333333 0.20245312499999998 0.26129166666666664
