12 0.15010266940451747 0.507546875 0.2549075975359343 0.12284375
10 0.7985626283367557 0.401875 0.15806981519507188 0.174
10 0.4813757700205339 0.4865234375 0.3957289527720739 0.339328125
10 0.8221663244353182 0.3637109375 0.112217659137577 0.135109375
10 0.876252566735113 0.3008984375 0.04457905544147844 0.022421875
15 0.856201232032854 0.3893984375000001 0.21589322381930184 0.169453125
13 0.1491683778234086 0.6045078125 0.07106776180698152 0.079671875
10 0.9343942505133471 0.4140234375 0.04242299794661191 0.092921875
4 0.0711088295687885 0.587390625 0.08940451745379877 0.056343750000000005
4 0.2164784394250513 0.12803125 0.027412731006160162 0.03875
40 0.34424024640657086 0.2675390625 0.028891170431211498 0.056234375
