39 0.6662734374999999 0.24752083333333338 0.3582656249999999 0.32920833333333344
25 0.3775234375 0.35773958333333333 0.289890625 0.3887708333333333
28 0.7533828124999999 0.805 0.064515625 0.09766666666666665
21 0.45842187500000003 0.7910104166666667 0.42809375000000005 0.20672916666666669
21 0.37752343749999995 0.4370729166666667 0.23932812499999997 0.11910416666666666
5 0.5991328125000001 0.04870833333333333 0.080765625 0.09279166666666666
13 0.4343203125 0.06568750000000001 0.060359375000000014 0.12141666666666667
13 0.1203203125 0.48790625000000004 0.087484375 0.13352083333333334
9 0.7709765625 0.45849999999999996 0.103421875 0.066625
5 0.3343671875 0.11882291666666667 0.023265625 0.10589583333333334
