12 0.5243203125 0.6811475409836066 0.500046875 0.4325526932084308
12 0.764546875 0.8186768149882905 0.44384375 0.3411943793911007
34 0.512875 0.36522248243559724 0.07709375 0.23812646370023421
10 0.231375 0.5554918032786885 0.1050625 0.2924355971896956
10 0.25021875 0.40570257611241217 0.0528125 0.03702576112412178
15 0.17000781250000002 0.5748829039812646 0.101359375 0.26480093676814986
43 0.5869765625 0.34269320843091333 0.076453125 0.07864168618266978
5 0.936796875 0.45330210772833723 0.01821875 0.07142857142857142
5 0.9053124999999999 0.3702459016393442 0.0073124999999999996 0.07594847775175644
13 0.8880546874999999 0.213864168618267 0.015078125000000003 0.022903981264637
13 0.9079375000000001 0.21064402810304447 0.01128125 0.026206088992974233
13 0.8685859375000001 0.21329039812646367 0.012609375 0.02456674473067916
13 0.9005703125000001 0.15704918032786885 0.016421875 0.024871194379391098
6 0.2522109375 0.889625292740047 0.153203125 0.11798594847775176
35 0.2427734375 0.9115105386416863 0.06301562499999999 0.03496487119437939
35 0.257921875 0.9003044496487118 0.060375 0.041686182669789226
13 0.7682734375 0.35724824355971896 0.016546875 0.024800936768149883
35 0.269125 0.8770608899297424 0.046125 0.0334192037470726
