47 0.49534999999999996 0.5233234421364985 0.09562000000000001 0.1819584569732938
47 0.35245999999999994 0.5202818991097924 0.10476 0.1383679525222552
47 0.22134 0.5267952522255193 0.0616 0.08670623145400592
47 0.29643 0.5184124629080119 0.0765 0.12940652818991097
12 0.5446 0.8162611275964392 0.46192 0.35691394658753706
12 0.12458999999999999 0.8136201780415431 0.24206 0.3548367952522255
25 0.32826 0.7436646884272997 0.14880000000000002 0.13451038575667656
39 0.9117399999999999 0.6643916913946587 0.13968 0.2140059347181009
13 0.45675999999999994 0.8525816023738872 0.03548 0.05543026706231454
10 0.03916 0.6962166172106825 0.04044 0.13023738872403562
15 0.30112 0.7611572700296736 0.26068 0.17234421364985164
28 0.37785 0.814940652818991 0.028579999999999998 0.020385756676557863
15 0.46735 0.8991246290801187 0.4039400000000001 0.18097922848664688
