9 0.1379140625 0.6484791666666667 0.092296875 0.04595833333333333
6 0.5435078125 0.43042708333333335 0.077921875 0.07322916666666666
28 0.6089609375 0.5342916666666667 0.038234375 0.04583333333333333
28 0.5408437500000001 0.51725 0.052375000000000005 0.04895833333333333
21 0.35357031250000004 0.5240729166666667 0.221015625 0.15006250000000002
4 0.9122890625 0.43725 0.164234375 0.169
4 0.7377578125 0.41947916666666674 0.047015625 0.11516666666666668
13 0.6444453125000001 0.4741145833333333 0.04751562499999999 0.0799375
10 0.6544921875 0.6813125000000001 0.380484375 0.637375
4 0.71128125 0.4221458333333333 0.07309375 0.12237499999999998
32 0.8120703124999998 0.19498958333333336 0.067015625 0.0964375
32 0.7518515625 0.19307291666666668 0.072171875 0.09235416666666668
39 0.3173828125 0.23959375000000002 0.224609375 0.2630208333333333
39 0.6805312499999999 0.16475 0.060437500000000005 0.05274999999999999
4 0.7466953125000001 0.09035416666666667 0.009234375 0.04675
4 0.6965078124999999 0.40978125 0.067484375 0.11672916666666668
