39 0.5444062500000001 0.5605971896955504 0.04940625 0.0734192037470726
12 0.21235156249999998 0.8505386416861828 0.275484375 0.27311475409836067
10 0.7559609375 0.7899180327868853 0.120265625 0.16953161592505853
34 0.7691406250000001 0.6314519906323184 0.07196875 0.19775175644028103
11 0.480875 0.40770491803278697 0.018 0.06135831381733021
35 0.4220312499999999 0.8357611241217799 0.015531250000000002 0.02819672131147541
20 0.8356250000000002 0.3688992974238876 0.04984375 0.21962529274004683
9 0.38939062499999993 0.8372131147540984 0.02365625 0.022903981264637
4 0.419765625 0.9299765807962528 0.09803125 0.07208430913348947
20 0.8284140624999999 0.5637587822014052 0.036734375 0.1848946135831382
20 0.7824765625000001 0.8868852459016395 0.042109375 0.14112412177985947
