39 0.41985937500000003 0.4580876068376068 0.19571875 0.20848290598290597
12 0.4341796875 0.7715491452991452 0.805328125 0.45258547008547007
11 0.6627968750000001 0.19847222222222222 0.0305 0.04438034188034188
10 0.11034374999999999 0.5101282051282051 0.1548125 0.22747863247863248
25 0.5829140625000001 0.5300961538461538 0.091484375 0.037799145299145305
4 0.57928125 0.595352564102564 0.088625 0.04215811965811966
40 0.6888124999999999 0.11353632478632479 0.05 0.06955128205128204
11 0.83984375 0.12416666666666666 0.013625000000000003 0.026196581196581196
40 0.8659531250000001 0.11330128205128204 0.031093749999999996 0.0566025641025641
13 0.59609375 0.6130982905982906 0.04037500000000001 0.048247863247863246
4 0.5056875000000001 0.569775641025641 0.08959375 0.04331196581196581
