39 0.621515625 0.5870843091334895 0.11890625 0.1453629976580796
10 0.39671875 0.8881733021077284 0.233875 0.20215456674473067
10 0.4067812499999999 0.6486533957845434 0.07878125 0.11131147540983606
15 0.3288828125 0.8228103044496489 0.309265625 0.3011709601873536
47 0.8993906249999999 0.7849063231850117 0.20121875 0.4301873536299766
0 0.6445078124999999 0.8062412177985949 0.093328125 0.14480093676814987
6 0.44298437500000004 0.5167798594847776 0.029187499999999998 0.017587822014051523
25 0.3076953125 0.7892505854800937 0.13248437500000002 0.08149882903981263
35 0.5868515624999999 0.666440281030445 0.023421875 0.012505854800936769
4 0.6008984375 0.39683840749414523 0.028515625 0.04791569086651054
40 0.22088281249999997 0.5213348946135832 0.029828125 0.05058548009367682
20 0.7051328124999999 0.6308430913348946 0.07373437499999999 0.10088992974238875
4 0.616046875 0.399063231850117 0.013843749999999998 0.04754098360655737
4 0.71634375 0.8887119437939109 0.09303125 0.06079625292740047
