47 0.46018749999999997 0.4258294392523364 0.038 0.07189252336448598
47 0.6049453124999999 0.4078971962616822 0.08189062499999998 0.09588785046728972
39 0.5155859375 0.19640186915887853 0.137984375 0.12247663551401869
12 0.2136328125 0.5669042056074766 0.236640625 0.3089018691588785
12 0.5522578125 0.8612967289719626 0.575265625 0.255911214953271
32 0.64690625 0.8389602803738319 0.17621874999999998 0.29955607476635515
35 0.5567578125 0.5690420560747663 0.018765625 0.04163551401869158
51 0.600703125 0.1956308411214953 0.03496875 0.049766355140186916
20 0.2654140625 0.5551869158878505 0.095203125 0.07925233644859814
52 0.63059375 0.5567640186915889 0.01928125 0.049415887850467285
13 0.42209375 0.5446728971962618 0.02 0.05084112149532711
4 0.5105 0.45324766355140184 0.05084374999999999 0.050420560747663545
4 0.33121875 0.4817873831775701 0.03421875 0.08273364485981308
25 0.47807812499999996 0.5503971962616823 0.07403125 0.11873831775700934
25 0.6378828125 0.7208644859813083 0.094046875 0.15588785046728973
4 0.6113203125 0.5170560747663552 0.060640625000000004 0.07467289719626169
4 0.5755781249999999 0.5209345794392524 0.03315625 0.0652803738317757
10 0.21271093749999997 0.5684345794392524 0.234734375 0.3120093457943925
