39 0.21706249999999996 0.459543325526932 0.229875 0.22934426229508198
10 0.45124218750000006 0.5301170960187354 0.190828125 0.22580796252927404
32 0.6199609374999999 0.7831498829039814 0.27735937499999996 0.36629976580796253
25 0.6751874999999999 0.681288056206089 0.1579375 0.08370023419203748
20 0.8965390624999999 0.7456440281030444 0.19095312499999997 0.13578454332552692
45 0.7029843749999999 0.6096838407494145 0.08715625 0.0922950819672131
32 0.8778203125 0.8969086651053864 0.24201562499999998 0.20618266978922717
25 0.5617421874999999 0.610936768149883 0.111328125 0.04510538641686183
4 0.38311718750000007 0.838992974238876 0.134109375 0.13536299765807963
4 0.452609375 0.7286299765807963 0.0819375 0.07238875878220141
12 0.9508359375000001 0.8175878220140516 0.09832812500000002 0.1473536299765808
32 0.1674921875 0.45766978922716617 0.10598437499999999 0.10985948477751756
35 0.2645859374999999 0.8700468384074941 0.066359375 0.12533957845433255
