5 0.9600546874999999 0.46141666666666664 0.079890625 0.34075000000000005
9 0.23432812500000005 0.8686979166666666 0.11896875 0.08339583333333334
25 0.1837109375 0.5892083333333333 0.36067187500000003 0.4651666666666667
28 0.91753125 0.5374791666666667 0.02146875 0.030333333333333334
28 0.5191796875000001 0.5837083333333334 0.045484375 0.08412500000000002
21 0.7204843750000001 0.5510625 0.34568750000000004 0.11625
4 0.4054921875 0.7551354166666667 0.336765625 0.21014583333333334
5 0.06659375 0.8854374999999999 0.072625 0.22912499999999997
47 0.5159843749999999 0.2213333333333333 0.10921875 0.41570833333333324
21 0.1955 0.7 0.32359375 0.22695833333333332
54 0.2558515625 0.4081145833333333 0.049015625 0.06502083333333333
13 0.0230078125 0.7713541666666667 0.046015625 0.27225
10 0.9133125 0.8513020833333335 0.17337499999999997 0.13785416666666667
39 0.7060546875 0.28385416666666663 0.283203125 0.33333333333333326
