39 0.41979687499999996 0.3996252927400468 0.13193749999999999 0.2067447306791569
39 0.630734375 0.423711943793911 0.11968749999999999 0.20414519906323186
10 0.143171875 0.7427049180327869 0.280625 0.4914051522248244
10 0.672203125 0.7763466042154566 0.3343125 0.44730679156908665
32 0.5524921875 0.5404566744730679 0.5502343749999999 0.6584309133489461
25 0.45878125 0.43258782201405155 0.21290625 0.2629274004683841
13 0.8641171875000001 0.2512646370023419 0.025734374999999997 0.03091334894613583
13 0.8398125000000001 0.24990632318501166 0.0235 0.03227166276346604
44 0.9523984375000001 0.27733021077283376 0.072921875 0.0322248243559719
34 0.8343984375000001 0.4110304449648712 0.10735937499999998 0.2635128805620609
