10 0.5903999999999999 0.43995999999999996 0.22619999999999998 0.31592
10 0.55645 0.8087466666666665 0.36774 0.3526933333333333
32 0.60081 0.6634399999999999 0.29194 0.6516266666666667
9 0.10135999999999999 0.7976533333333333 0.08056 0.051893333333333326
28 0.27658 0.6083333333333334 0.04152 0.03490666666666667
21 0.34226 0.63076 0.16924 0.08493333333333335
21 0.23609000000000002 0.6858399999999999 0.13418 0.09194666666666666
5 0.05125 0.7059866666666665 0.05758 0.19037333333333334
5 0.38914999999999994 0.49430666666666667 0.0325 0.15037333333333333
13 0.14062999999999998 0.69676 0.0605 0.13874666666666666
21 0.08916 0.68668 0.05872 0.05581333333333333
39 0.24059 0.47533333333333333 0.23182 0.23376000000000002
25 0.11200999999999998 0.6324799999999999 0.22013999999999995 0.25194666666666665
4 0.9952300000000001 0.3532133333333334 0.00954 0.09176000000000001
