34 0.9033046875 0.653454157782516 0.190171875 0.577185501066098
32 0.2586484375 0.6217697228144989 0.328453125 0.5656716417910448
25 0.498375 0.672633262260128 0.24262499999999998 0.2505543710021322
25 0.8480859375 0.6797761194029852 0.27995312499999997 0.24492537313432833
43 0.0606640625 0.3950639658848615 0.108203125 0.12304904051172708
44 0.4123828125 0.6107889125799574 0.080484375 0.03748400852878465
4 0.7147812499999999 0.8052985074626866 0.18675 0.10671641791044775
10 0.06297656250000001 0.8398400852878466 0.10304687500000002 0.2916631130063966
15 0.6528671875000001 0.7623347547974413 0.654765625 0.3818123667377399
9 0.5761328125 0.8290938166311301 0.049765625 0.03635394456289979
