2 0.70544 0.5269066666666666 0.5835199999999999 0.7623466666666665
25 0.8831000000000002 0.43992000000000003 0.23276 0.12794666666666665
25 0.62529 0.91348 0.2191 0.13709333333333332
4 0.35949 0.9171333333333334 0.19434 0.16573333333333332
4 0.35192999999999997 0.62952 0.08993999999999999 0.07456
28 0.14872999999999997 0.23626666666666665 0.04298 0.019946666666666668
13 0.01629 0.21410666666666664 0.03258 0.08677333333333333
4 0.37838 0.6350533333333334 0.10579999999999998 0.07746666666666667
4 0.37262 0.62968 0.07504000000000001 0.06778666666666668
10 0.9482400000000001 0.9453199999999999 0.10352 0.08594666666666666
