10 0.21497656250000002 0.8254374999999999 0.21014062500000003 0.321125
10 0.8074687500000001 0.8490312499999999 0.1930625 0.30047916666666663
12 0.038625 0.9377708333333333 0.0708125 0.09870833333333334
15 0.513296875 0.8469270833333334 0.40603125 0.2671458333333333
13 0.36151562500000006 0.7983333333333333 0.041031250000000005 0.06062500000000001
13 0.5517812500000001 0.7746041666666666 0.030156250000000006 0.07779166666666668
35 0.49364062499999994 0.8265833333333334 0.072625 0.026416666666666665
40 0.298109375 0.2862083333333334 0.03159375 0.09362500000000001
40 0.6734765625 0.2879791666666667 0.029484374999999997 0.09570833333333333
25 0.6318671875 0.7729791666666667 0.110328125 0.06841666666666667
35 0.4869296875 0.7919062499999999 0.050234375 0.021354166666666664
25 0.37692187499999996 0.7644791666666666 0.08918750000000002 0.04845833333333334
