47 0.8193515625 0.6438173302107728 0.36129687499999996 0.7078688524590163
39 0.2882265625 0.3355503512880562 0.117109375 0.160327868852459
51 0.14778125 0.8655854800936769 0.1033125 0.20859484777517562
12 0.6632578125 0.507423887587822 0.41339062500000007 0.2598594847775175
32 0.7053281250000001 0.5011241217798595 0.14809375 0.35648711943793915
10 0.4977578125 0.6978454332552693 0.361578125 0.38182669789227164
52 0.760546875 0.6918735362997659 0.0335625 0.09250585480093677
25 0.7004531250000001 0.44487119437939115 0.07846875 0.07737704918032787
35 0.29246874999999994 0.40740046838407484 0.03128125 0.012927400468384073
4 0.21039062500000003 0.36695550351288053 0.04575 0.012927400468384073
4 0.2137421875 0.40622950819672127 0.061484375 0.010585480093676814
4 0.21357812499999998 0.38720140515222473 0.057374999999999995 0.02053864168618267
20 0.587328125 0.46055035128805616 0.04203125 0.09360655737704918
13 0.7001718750000001 0.8723536299765808 0.07796875 0.13257611241217798
51 0.6370078124999999 0.5084543325526932 0.035734375 0.02857142857142857
13 0.5693359375000001 0.940807962529274 0.096296875 0.11838407494145198
6 0.4296796875 0.9385714285714286 0.272046875 0.12285714285714286
13 0.6428671874999999 0.8183255269320844 0.071234375 0.12737704918032788
