10 0.16859375 0.6763466042154568 0.13343750000000001 0.3505386416861827
12 0.7437265625 0.7327634660421545 0.512546875 0.5150819672131147
15 0.1475546875 0.5193325526932084 0.227140625 0.14353629976580795
34 0.21685937499999997 0.34687353629976575 0.08703125 0.1424121779859485
13 0.5628515625000001 0.7935714285714286 0.040171875 0.05416861826697892
44 0.16064843750000002 0.43758782201405155 0.11392187499999999 0.023981264637002342
10 0.275609375 0.5949648711943794 0.1003125 0.28711943793911004
10 0.1409296875 0.47078454332552694 0.089953125 0.05618266978922717
10 0.0562265625 0.665175644028103 0.112453125 0.29213114754098357
43 0.054593749999999996 0.27632318501170966 0.06978124999999999 0.05180327868852459
4 0.51203125 0.8320023419203747 0.10934375000000002 0.09857142857142857
35 0.5761796874999999 0.8522248243559719 0.035859375 0.02360655737704918
