39 0.16412500000000002 0.41237437185929643 0.11284374999999999 0.18967336683417085
12 0.8238203125 0.7817211055276381 0.350390625 0.4150502512562814
10 0.1433203125 0.7619597989949749 0.20617187499999998 0.3028643216080402
10 0.25989062500000004 0.5874120603015076 0.081125 0.05748743718592965
10 0.310265625 0.7489195979899498 0.12893749999999998 0.33693467336683414
12 0.1076640625 0.8947738693467336 0.21264062500000003 0.18065326633165832
15 0.20900781249999995 0.7665075376884423 0.25373437499999996 0.31366834170854274
34 0.5182265625000001 0.5763819095477386 0.068171875 0.26623115577889445
43 0.5945937499999999 0.4425628140703518 0.07825 0.06386934673366834
56 0.6351015624999999 0.5250879396984924 0.018640625 0.03258793969849246
44 0.7234140625000001 0.5563065326633168 0.135859375 0.04954773869346733
4 0.5708671875 0.7674120603015077 0.068484375 0.04718592964824121
