47 0.5313828125000001 0.5114301801801802 0.052234375 0.05736486486486486
39 0.60603125 0.5254166666666666 0.08496875000000001 0.084481981981982
10 0.0837265625 0.7973423423423424 0.167453125 0.3390990990990991
10 0.19400781250000002 0.7167117117117117 0.066328125 0.2472072072072072
10 0.027289062500000003 0.6168806306306307 0.051765625 0.029166666666666664
12 0.4494765625 0.8171396396396396 0.39739062500000005 0.3401801801801801
12 0.768125 0.7253603603603603 0.27565625 0.21873873873873875
15 0.100140625 0.7238400900900902 0.19965624999999998 0.22817567567567568
10 0.4023046875 0.5850337837837839 0.089234375 0.12371621621621622
4 0.5242109375 0.6083333333333334 0.015859375000000002 0.018963963963963965
