39 0.36226987447698744 0.33765625 0.184581589958159 0.22428125
39 0.5740167364016736 0.32424218749999995 0.2296234309623431 0.11570312499999998
10 0.6824163179916318 0.6075234374999999 0.3109832635983264 0.337640625
32 0.5012552301255231 0.4680546875 0.6019665271966528 0.4282968750000001
28 0.4707635983263598 0.4246484375 0.03926778242677824 0.015859375000000002
21 0.4392573221757322 0.44694531249999997 0.11257322175732218 0.056296875
35 0.39411087866108785 0.5577109375 0.16935146443514648 0.040015625000000006
55 0.6029393305439331 0.50640625 0.1257112970711297 0.16921875
15 0.4922978044012459 0.650441910394178 0.9845956088024918 0.5744286792116386
9 0.337489539748954 0.516296875 0.17317991631799162 0.036
