9 0.7982187499999999 0.6473645833333335 0.07646875 0.058604166666666666
13 0.255578125 0.6041354166666666 0.0689375 0.1631041666666667
13 0.21450000000000002 0.6741979166666667 0.06825 0.1526875
13 0.31140625 0.6377395833333334 0.06521875 0.1493958333333333
25 0.5224765625000001 0.52921875 0.316859375 0.37977083333333334
28 0.3648671875 0.7759062499999999 0.057421875 0.09910416666666669
21 0.8338906250000001 0.5427291666666666 0.27853125 0.12304166666666667
13 0.2831328125 0.53278125 0.05892187499999999 0.0745625
39 0.6682578125 0.2648020833333333 0.22751562500000003 0.2831458333333333
4 0.10760937500000001 0.5579895833333334 0.18428125 0.16652083333333334
47 0.20846093749999997 0.33027083333333335 0.28535937499999997 0.5168333333333334
21 0.533765625 0.6238854166666666 0.29609375 0.18960416666666668
