39 0.02415625 0.5864522821576763 0.0483125 0.29240663900414937
10 0.178921875 0.7243153526970955 0.142875 0.3388796680497925
10 0.1445078125 0.5116597510373444 0.066515625 0.0679253112033195
10 0.37006249999999996 0.7251659751037345 0.15453125 0.328298755186722
10 0.4349609375000001 0.5718983402489627 0.09035937499999999 0.18271784232365143
12 0.740171875 0.8258091286307055 0.51828125 0.3268879668049793
15 0.3021171875 0.6750414937759337 0.389921875 0.3425311203319502
25 0.22951562499999997 0.5825622406639005 0.10740625 0.03935684647302904
20 0.1442265625 0.6425414937759336 0.079453125 0.1582780082987552
13 0.6698359375000001 0.4643153526970954 0.016828125 0.03377593360995851
25 0.22271874999999997 0.531317427385892 0.09009375 0.031887966804979254
10 0.34970312500000006 0.6268775933609958 0.04356249999999999 0.04180497925311202
10 0.518984375 0.5066286307053942 0.0476875 0.14026970954356846
