5 0.52503125 0.5699895833333334 0.03603125 0.11285416666666666
25 0.7188906249999999 0.5369895833333334 0.15303125 0.19506250000000003
28 0.6916328125 0.8710625000000001 0.07473437499999999 0.05191666666666667
21 0.659390625 0.7574895833333334 0.18456250000000002 0.17227083333333332
66 0.4096015625 0.20469791666666665 0.051296875 0.05872916666666668
66 0.35938281250000004 0.20885416666666667 0.034046875 0.048666666666666664
13 0.4133125 0.5725625 0.035562500000000004 0.07366666666666667
10 0.134578125 0.9086666666666667 0.26915625 0.18266666666666664
39 0.825484375 0.45578125 0.1275625 0.25085416666666666
21 0.7191015625 0.581875 0.128171875 0.04387499999999999
4 0.30470312499999996 0.6032395833333334 0.08353125 0.05277083333333333
4 0.31359375 0.5751458333333332 0.05990625000000001 0.005916666666666666
