12 0.4266171875 0.9279583333333333 0.8435468749999999 0.1440833333333333
9 0.8605390625000001 0.67159375 0.030484374999999998 0.07097916666666666
34 0.6615234375 0.6421250000000001 0.08595312499999999 0.5325833333333333
10 0.1703125 0.7683333333333334 0.16165624999999997 0.25704166666666667
10 0.20856249999999996 0.6944895833333332 0.10246875 0.18968749999999995
10 0.35696875 0.6820208333333333 0.1251875 0.15629166666666666
15 0.25778125 0.7644375000000001 0.22409374999999998 0.26716666666666666
6 0.273890625 0.6616458333333334 0.059125000000000004 0.04058333333333333
53 0.263578125 0.6407291666666666 0.03496875 0.023583333333333335
44 0.43705468750000004 0.5733645833333334 0.081078125 0.016895833333333332
10 0.35334375 0.77609375 0.1474375 0.2580208333333333
60 0.27859375000000003 0.6484895833333334 0.011812499999999998 0.0083125
