39 0.1787109375 0.18480125523012553 0.21917187500000002 0.2641213389121339
39 0.586390625 0.18388075313807534 0.2839375 0.2747907949790795
10 0.35961718750000005 0.12311715481171548 0.09373437500000001 0.20732217573221756
12 0.8509531250000001 0.22473849372384935 0.29809375 0.4451673640167364
28 0.4218984375 0.6804184100418409 0.049765625 0.07682008368200836
4 0.427890625 0.7184623430962342 0.19121875 0.20320083682008366
0 0.913875 0.09662133891213388 0.1594375 0.18876569037656904
25 0.19889062500000002 0.3192468619246862 0.30378125 0.2561924686192468
21 0.2037578125 0.7026987447698745 0.308828125 0.14200836820083682
10 0.22491406249999998 0.9335041841004184 0.44982812499999997 0.13299163179916318
21 0.2354921875 0.3763389121338912 0.129515625 0.10669456066945607
