5 0.384 0.24394444444444446 0.0165625 0.07494444444444445
10 0.7017890625 0.93125 0.089140625 0.1348888888888889
15 0.31228124999999995 0.9298055555555556 0.6034375 0.11033333333333334
34 0.391859375 0.52375 0.123875 0.48088888888888887
13 0.26682812499999997 0.5027777777777778 0.025625 0.09011111111111109
46 0.3804765625 0.701125 0.10364062499999999 0.41347222222222224
44 0.6610078125 0.5103333333333334 0.090671875 0.02677777777777778
13 0.8211718749999999 0.5173333333333333 0.02496875 0.06416666666666668
6 0.7150703124999999 0.5296111111111111 0.047640625 0.04761111111111111
5 0.317578125 0.4722638888888889 0.0235 0.16558333333333333
5 0.702390625 0.4564027777777778 0.011312499999999998 0.08080555555555556
