5 0.19828125 0.2820625 0.10300000000000001 0.32637499999999997
5 0.2693515625 0.32652083333333337 0.096765625 0.3182916666666667
12 0.501609375 0.20430208333333333 0.9967812500000001 0.40431249999999996
15 0.4658828125 0.5660416666666666 0.843515625 0.57175
32 0.8306484375 0.16988541666666668 0.338703125 0.33547916666666666
9 0.7884531249999999 0.47485416666666674 0.06403125 0.09791666666666667
13 0.5938359375000001 0.42158333333333337 0.068484375 0.11387499999999999
13 0.46855468749999996 0.32996875 0.077453125 0.13035416666666666
13 0.6792890625 0.38410416666666664 0.080953125 0.16508333333333333
35 0.7373125 0.4619166666666667 0.03675 0.071375
32 0.31268749999999995 0.14735416666666667 0.50215625 0.29470833333333335
51 0.30963281249999997 0.04446875 0.082578125 0.08614583333333334
2 0.5009765625 0.20909375 0.998046875 0.4181875
