11 0.12951041666666666 0.16722656250000004 0.030770833333333334 0.022703124999999998
32 0.5787604166666667 0.33736718749999994 0.7765625 0.6703281249999999
13 0.9162187499999999 0.6276484375 0.1675625 0.144640625
19 0.7928645833333334 0.6941640625000001 0.2821875 0.053203125
63 0.43595833333333334 0.7078671875000001 0.42845833333333333 0.395515625
32 0.25652083333333336 0.3263515625 0.09129166666666669 0.06476562500000001
37 0.9796979166666666 0.5477265625000001 0.04060416666666667 0.06929687500000001
15 0.5044895833333334 0.8139140624999999 0.9910208333333334 0.339328125
39 0.41430208333333335 0.12960937500000003 0.10527083333333334 0.0558125
10 0.13658333333333333 0.5086484375000001 0.27316666666666667 0.317921875
