32 0.3092734375 0.4932604166666666 0.618546875 0.9865208333333332
32 0.485140625 0.35651041666666666 0.3581875 0.7085208333333333
25 0.65140625 0.8314687500000001 0.342125 0.31460416666666663
21 0.5907265625 0.40224999999999994 0.13314062499999998 0.07191666666666667
21 0.5712812500000001 0.9173020833333334 0.18965625 0.16377083333333334
39 0.6219140625 0.2837083333333334 0.084265625 0.21575
4 0.82221875 0.6221562500000001 0.30321875 0.1673125
13 0.5223749999999999 0.36001041666666667 0.0206875 0.0374375
28 0.64609375 0.4769479166666666 0.03125 0.016604166666666666
10 0.484265625 0.6902499999999999 0.09006249999999999 0.040291666666666656
