39 0.30307812500000003 0.3347189695550351 0.115125 0.1081264637002342
10 0.2498359375 0.7716744730679157 0.253421875 0.2661124121779859
10 0.135359375 0.6181381733021077 0.21190625000000002 0.21121779859484774
12 0.6736171875 0.6426112412177986 0.46145312499999996 0.4196955503512881
4 0.7525078125 0.38699063231850117 0.036046875 0.011639344262295081
4 0.7425546875000001 0.39741217798594847 0.040890625 0.022365339578454334
6 0.45139843749999997 0.5093442622950819 0.064265625 0.030632318501170964
15 0.777046875 0.33596018735363 0.20625 0.030327868852459014
25 0.7207499999999999 0.324519906323185 0.031875 0.024121779859484778
44 0.9274453125000001 0.31409836065573776 0.023796875000000002 0.006182669789227166
