39 0.08857000000000001 0.5553303303303303 0.17438000000000003 0.4020720720720721
12 0.30639 0.6098648648648648 0.2661 0.31012012012012014
12 0.61751 0.5184084084084084 0.45066 0.26552552552552555
12 0.92304 0.8334684684684683 0.15392 0.3193093093093093
13 0.7334300000000001 0.6948498498498499 0.03622 0.057387387387387384
13 0.52883 0.6143993993993994 0.02438 0.05348348348348348
13 0.35629000000000005 0.2983933933933934 0.01626 0.0266966966966967
4 0.5583 0.664084084084084 0.09628 0.051171171171171176
54 0.4752799999999999 0.6428678678678679 0.04100000000000001 0.017987987987987987
11 0.10791999999999997 0.34822822822822824 0.05264 0.061861861861861864
13 0.44875 0.29807807807807807 0.01786 0.021021021021021023
9 0.6835199999999999 0.6875075075075076 0.032 0.025465465465465468
