5 0.108109375 0.375 0.057437499999999996 0.23875
13 0.1671484375 0.46105208333333336 0.063578125 0.14356249999999998
6 0.1489375 0.6693125000000001 0.1481875 0.15845833333333334
25 0.5452265625 0.48764583333333333 0.29495312500000004 0.4
28 0.71115625 0.6088229166666667 0.06534375 0.06760416666666667
37 0.15017968750000002 0.6130520833333334 0.050234375 0.18710416666666668
9 0.117546875 0.5542083333333333 0.061 0.0775
10 0.7103125 0.9357916666666667 0.39553125 0.12841666666666668
4 0.8967109375000001 0.6626875 0.20339062500000002 0.3157083333333333
4 0.8587343749999999 0.57534375 0.25353125 0.14810416666666668
4 0.6935703125 0.36046875 0.072359375 0.08268749999999998
4 0.29625 0.6255208333333333 0.26328125 0.2704583333333333
