47 0.5252421875 0.49802352941176464 0.22895312499999998 0.4455058823529412
5 0.25891406250000004 0.46887058823529415 0.015796875 0.07731764705882353
34 0.9394765625000001 0.6078705882352942 0.12104687500000001 0.6943764705882355
10 0.3163671875 0.8303411764705884 0.292484375 0.33931764705882356
10 0.0643828125 0.8033529411764707 0.125546875 0.3932941176470589
43 0.356828125 0.4597529411764706 0.0880625 0.07621176470588235
46 0.79125 0.5335529411764707 0.1495625 0.23552941176470588
13 0.30984375 0.6208 0.039625 0.0651764705882353
10 0.21163281249999996 0.8040470588235294 0.23482812500000003 0.37162352941176463
15 0.41094531250000005 0.7786941176470589 0.696828125 0.44261176470588237
44 0.5972890624999999 0.5311529411764706 0.053328125000000004 0.016705882352941175
