39 0.35403999999999997 0.17028 0.1708 0.15528
10 0.4709 0.7397866666666667 0.19175999999999999 0.42911999999999995
10 0.30307 0.77156 0.22790000000000002 0.42888000000000004
10 0.20654 0.7284 0.20572 0.4125333333333333
15 0.39616999999999997 0.7576533333333333 0.23118 0.37648000000000004
34 0.9194599999999999 0.5818666666666666 0.16108 0.7964266666666667
13 0.7691800000000001 0.47068000000000004 0.03108 0.050853333333333334
44 0.67656 0.5076666666666667 0.10416 0.02664
47 0.8343200000000001 0.07024 0.0842 0.09450666666666666
43 0.8252299999999999 0.45602666666666664 0.08662 0.09616000000000001
46 0.8287700000000001 0.6997199999999999 0.06686 0.33016
10 0.37305999999999995 0.6169733333333334 0.133 0.2412533333333333
5 0.6116 0.4808266666666667 0.030440000000000002 0.07056
