39 0.6819687499999999 0.4483176470588235 0.15818749999999998 0.2134823529411765
10 0.311515625 0.5748588235294118 0.10790625000000001 0.2036941176470588
10 0.5474609375 0.8399411764705883 0.340265625 0.2973411764705882
15 0.3296875 0.8018941176470588 0.3179375 0.20755294117647058
2 0.9544218749999999 0.5021058823529412 0.09115625000000001 0.25343529411764704
53 0.3215234375 0.7571058823529413 0.061140625000000004 0.05171764705882353
0 0.1316015625 0.6206 0.13582812500000002 0.10063529411764707
0 0.039742187500000005 0.618 0.078421875 0.13294117647058823
6 0.3016484375 0.7752352941176471 0.09614062500000001 0.03912941176470588
50 0.31953906249999997 0.7432588235294117 0.013640625 0.019458823529411765
35 0.580546875 0.5285411764705884 0.026218750000000002 0.01167058823529412
4 0.33141406249999994 0.9318235294117646 0.114421875 0.08971764705882354
4 0.269796875 0.8860941176470588 0.074875 0.061035294117647056
60 0.28581249999999997 0.7319764705882352 0.019625 0.019482352941176468
15 0.42565625000000007 0.6269529411764706 0.26178124999999997 0.23338823529411765
50 0.2681640625 0.7457411764705882 0.018109375 0.022070588235294116
10 0.1071796875 0.7285058823529412 0.214359375 0.2031764705882353
12 0.9388593749999999 0.9109058823529412 0.12228125000000001 0.17818823529411765
