5 0.7495468750000001 0.6488875000000001 0.060812500000000005 0.216175
2 0.3921953125 0.6623 0.781609375 0.6754000000000001
32 0.5544531250000001 0.565725 0.20715625000000004 0.4152
13 0.8033359375000001 0.68805 0.045546875 0.10765000000000001
25 0.44803124999999994 0.6348375 0.18259375 0.182025
25 0.901984375 0.7686624999999999 0.19603125 0.15407500000000002
32 0.334296875 0.631025 0.055687499999999994 0.0693
15 0.826328125 0.8445625 0.28025 0.310875
21 0.504625 0.6959624999999999 0.016 0.025075
21 0.9352265625000001 0.778625 0.129546875 0.09880000000000001
9 0.5673906249999999 0.7838499999999999 0.03353125 0.0264
35 0.6555 0.7676000000000001 0.061968749999999996 0.0308
35 0.8503671875 0.6780375000000001 0.035703125 0.041225
13 0.7131328125 0.6573749999999999 0.031078125 0.10619999999999999
