10 0.15646875000000002 0.5891015624999999 0.1915625 0.4409531249999999
10 0.7019765625000001 0.6450390625 0.307109375 0.431703125
10 0.1149765625 0.3682421875 0.09232812500000001 0.07473437499999999
32 0.6599140625 0.45639062499999994 0.350609375 0.57709375
25 0.45806250000000004 0.38496875 0.19665625000000003 0.118
4 0.27305468749999995 0.47845312500000003 0.122734375 0.0429375
4 0.264484375 0.49839062500000003 0.12603124999999998 0.035125
45 0.5304062500000001 0.7128359375 0.3175625 0.5540468749999999
13 0.35928124999999994 0.41907812499999997 0.053500000000000006 0.06565625
9 0.5726484375 0.80015625 0.040828125 0.02415625
