47 0.93546875 0.5445862068965517 0.01740625 0.03993103448275862
39 0.591578125 0.4313275862068966 0.04653125 0.07513793103448276
10 0.3960234375 0.8406551724137931 0.077796875 0.3164137931034483
10 0.09003125000000001 0.8342241379310344 0.10178124999999999 0.3088620689655172
10 0.13128125000000002 0.7537068965517243 0.06381250000000001 0.26548275862068965
10 0.362578125 0.745344827586207 0.05709375 0.25662068965517243
12 0.5807812499999999 0.5817241379310345 0.19878125000000002 0.20862068965517241
15 0.249484375 0.8353103448275863 0.251625 0.32
32 0.2126484375 0.3777931034482759 0.032359375 0.11517241379310345
6 0.5897421875000001 0.6499482758620689 0.029765625 0.03037931034482759
43 0.3332109375 0.4322931034482759 0.030484374999999998 0.038724137931034484
4 0.030960937499999997 0.7476379310344826 0.025671875 0.08072413793103449
10 0.2636796875 0.6358275862068965 0.069859375 0.13386206896551725
47 0.7100781249999999 0.5299827586206897 0.04528125 0.07037931034482758
