39 0.6281171875 0.463375 0.129328125 0.1805
12 0.6643281249999999 0.875 0.6691874999999999 0.25
52 0.34107812499999995 0.6503020833333334 0.027718749999999997 0.0881875
13 0.8820546874999999 0.6026875 0.050328125 0.06904166666666667
15 0.3095625 0.7407083333333333 0.20303125000000002 0.2997916666666667
35 0.2568046875 0.6597708333333334 0.037328125000000004 0.02991666666666666
34 0.351875 0.46072916666666663 0.16890624999999995 0.3321249999999999
11 0.5126406250000001 0.4459583333333334 0.029656250000000002 0.04858333333333333
13 0.3282109375 0.6539479166666666 0.015328125000000001 0.025604166666666664
10 0.11296093749999998 0.6477395833333333 0.22592187499999997 0.33827083333333335
