39 0.8283359374999999 0.5967564402810305 0.063265625 0.3431147540983606
5 0.9392500000000001 0.8661241217798596 0.028687499999999998 0.04840749414519907
12 0.6062109375000001 0.5604566744730679 0.173609375 0.15697892271662764
2 0.3530859375 0.7696604215456675 0.46029687499999994 0.43819672131147547
13 0.8661796875000001 0.9476463700234191 0.049515624999999994 0.1032552693208431
13 0.8382187499999998 0.9120608899297423 0.0454375 0.10388758782201406
4 0.3162109375 0.6328220140515222 0.07535937499999999 0.030843091334894615
10 0.6633437499999999 0.5041920374707259 0.03828125 0.06393442622950819
10 0.7321484374999998 0.5305737704918033 0.032390625 0.09749414519906324
10 0.7053515624999999 0.5282201405152225 0.036234375 0.07189695550351288
10 0.7685078125 0.5576697892271663 0.026921875 0.08072599531615925
5 0.9305937499999999 0.9103864168618268 0.07278124999999999 0.15323185011709603
