5 0.8940625000000001 0.5551940639269407 0.01940625 0.061301369863013704
5 0.877625 0.5491324200913241 0.01821875 0.059132420091324196
10 0.586515625 0.4306392694063927 0.12300000000000001 0.2115525114155251
32 0.22621875000000002 0.5774200913242008 0.159625 0.33429223744292236
12 0.5879140624999999 0.43422374429223737 0.116359375 0.2147488584474886
2 0.26375 0.5533675799086758 0.51828125 0.5123515981735159
25 0.7568828125 0.6603196347031964 0.138578125 0.14575342465753424
4 0.8728515625 0.599623287671233 0.051265625 0.028287671232876718
55 0.632640625 0.6234132420091324 0.10171875 0.16920091324200914
47 0.9288984375 0.541392694063927 0.05573437500000001 0.11031963470319635
