9 0.7811874999999999 0.7245937499999999 0.07668749999999999 0.07327083333333334
25 0.8648671874999999 0.6047291666666667 0.270265625 0.3107916666666667
25 0.3499375 0.4053333333333333 0.16371875 0.20191666666666666
25 0.0918515625 0.46853125000000007 0.18032812500000003 0.21797916666666667
28 0.6993984375 0.6771979166666668 0.05701562499999999 0.07064583333333332
21 0.5365312499999999 0.5815 0.2644375 0.14325000000000002
49 0.48192187500000006 0.5013125 0.035312500000000004 0.038375000000000006
4 0.3388359375 0.5633958333333333 0.142703125 0.08079166666666665
13 0.4279843749999999 0.5032395833333333 0.043187500000000004 0.0890625
13 0.7337812499999998 0.5546458333333334 0.0679375 0.13041666666666668
39 0.5729140625 0.37834375000000003 0.231796875 0.25072916666666667
