39 0.7406875 0.34819791666666666 0.10665625000000001 0.11964583333333331
39 0.26975781249999997 0.41328125 0.136984375 0.1814375
25 0.6145703125 0.4412499999999999 0.15226562500000002 0.15225
5 0.8500078125 0.4304479166666667 0.025265625000000003 0.0905625
52 0.37068749999999995 0.5536770833333334 0.028187499999999997 0.09681250000000001
13 0.4756562499999999 0.46765625 0.026437500000000003 0.0450625
10 0.9255625 0.7191041666666667 0.148875 0.409
28 0.346140625 0.5588229166666667 0.0285625 0.0313125
21 0.210546875 0.5954791666666668 0.21296875 0.10841666666666666
4 0.8080390625 0.4119479166666667 0.046671875 0.05310416666666666
25 0.6976718749999999 0.4392395833333333 0.1145 0.043354166666666666
25 0.739609375 0.35875 0.10037499999999999 0.14283333333333334
28 0.31143750000000003 0.55975 0.023250000000000003 0.017708333333333333
