39 0.29157999999999995 0.5050533333333334 0.28652 0.31234666666666666
5 0.027370000000000002 0.6430133333333333 0.054740000000000004 0.25973333333333337
39 0.31147 0.3 0.09706000000000001 0.13882666666666668
25 0.53922 0.5479733333333333 0.23872 0.27088
25 0.8254300000000001 0.6237066666666666 0.29782 0.3464
28 0.7555000000000001 0.8016400000000001 0.04936 0.059653333333333336
21 0.5168 0.7755066666666667 0.28944 0.08674666666666667
4 0.13014 0.75984 0.15663999999999997 0.1376
13 0.23020999999999997 0.7606933333333332 0.060739999999999995 0.11061333333333331
13 0.71057 0.42091999999999996 0.04578 0.08930666666666667
10 0.59924 0.37029333333333336 0.1472 0.12528
21 0.54277 0.6089866666666667 0.16346 0.05578666666666667
