39 0.9115546875 0.44158079625292745 0.176890625 0.24044496487119438
5 0.07405468750000001 0.49925058548009366 0.021671874999999997 0.04955503512880562
5 0.7103593749999999 0.501135831381733 0.026875 0.0991334894613583
5 0.73559375 0.4946838407494145 0.0213125 0.09451990632318501
5 0.062242187500000004 0.4896370023419203 0.013484375000000002 0.053138173302107725
12 0.8930000000000001 0.8957025761124123 0.21400000000000002 0.1849414519906323
10 0.15746875000000002 0.6143091334894614 0.09703125 0.40941451990632316
15 0.082828125 0.6303629976580796 0.16265625 0.44470725995316157
28 0.9625546875000001 0.5915456674473067 0.033453125 0.018407494145199065
21 0.8945937500000001 0.5712060889929743 0.10534375000000001 0.03721311475409836
10 0.219921875 0.5759601873536301 0.05390625 0.34222482435597196
10 0.6523984375 0.4536299765807963 0.060703125 0.10955503512880563
34 0.37350781250000004 0.3682903981264637 0.014234374999999999 0.19892271662763467
43 0.0785 0.437576112412178 0.057343750000000006 0.05154566744730679
