5 0.9083125000000001 0.3906041666666667 0.0409375 0.13154166666666667
10 0.44935156249999997 0.6196145833333334 0.355609375 0.6120625000000001
10 0.19071875 0.6954270833333334 0.375 0.5836875
10 0.8943515624999999 0.7741979166666667 0.211296875 0.4301041666666666
15 0.8758046875 0.5376354166666667 0.248390625 0.44302083333333336
32 0.540171875 0.5314583333333333 0.4938125 0.8247083333333333
32 0.4997109375 0.6848854166666666 0.887796875 0.6069791666666667
75 0.7827578125 0.4463020833333334 0.036078125 0.017645833333333336
75 0.9018125 0.4781458333333334 0.04440625 0.021958333333333333
75 0.7977421875 0.44071875 0.027296874999999998 0.019354166666666665
9 0.5913125 0.4532291666666666 0.06534375 0.05291666666666666
13 0.8615859375000001 0.4162916666666667 0.054796874999999995 0.06795833333333333
25 0.6292265625 0.4898645833333333 0.265203125 0.26127083333333334
28 0.5577265625000001 0.5587291666666667 0.069921875 0.038125
21 0.57415625 0.56390625 0.149875 0.08056250000000001
