39 0.37920312500000003 0.24686458333333333 0.20346875 0.25335416666666666
39 0.5629375 0.22705208333333332 0.19059375 0.2329375
2 0.9388984375 0.5818437499999999 0.12220312500000001 0.8049374999999999
25 0.828546875 0.34346875 0.2516875 0.3063125
28 0.6451328124999999 0.40553125 0.051734375000000006 0.036187500000000004
21 0.48507031250000004 0.42703125 0.278765625 0.10856249999999999
50 0.9337109375000001 0.41641666666666666 0.055109374999999995 0.06733333333333333
21 0.8205703125000001 0.410625 0.174234375 0.06904166666666667
9 0.18977343750000003 0.3688854166666667 0.042703124999999995 0.08272916666666667
4 0.0788671875 0.7005416666666666 0.095640625 0.08774999999999998
4 0.0674375 0.6323958333333333 0.11412499999999999 0.17974999999999997
