39 0.5128750000000001 0.5683920187793428 0.10806249999999999 0.08518779342723004
10 0.9080390625 0.8225704225352114 0.148171875 0.26467136150234744
10 0.7014765625000001 0.6563028169014085 0.116359375 0.20359154929577467
10 0.110515625 0.6806338028169014 0.09559375 0.17915492957746476
10 0.8052968749999999 0.7124765258215963 0.08121874999999999 0.2101173708920188
15 0.8795859375 0.6565845070422535 0.214953125 0.0818075117370892
15 0.09201562499999999 0.7301643192488263 0.18403124999999998 0.2735211267605634
57 0.47346875 0.7449765258215961 0.350625 0.3214553990610329
12 0.2139375 0.6155399061032863 0.11884375 0.09192488262910797
2 0.21419531249999998 0.5875821596244131 0.116328125 0.12173708920187794
2 0.8096093749999999 0.6213028169014084 0.13215625 0.12715962441314554
40 0.5810390625 0.4396244131455399 0.014796875000000001 0.02610328638497652
