12 0.3611328125 0.494618138424821 0.719453125 0.989236276849642
9 0.6927656249999999 0.5096300715990454 0.0596875 0.08136038186157518
32 0.131671875 0.7775298329355607 0.26040625 0.4449403341288783
32 0.5649453125 0.5033651551312649 0.688515625 0.9932696897374701
52 0.7070390625 0.21989260143198094 0.08907812499999998 0.2311933174224344
13 0.776328125 0.13585918854415277 0.07534375 0.1768257756563246
6 0.609640625 0.12594272076372315 0.0706875 0.06400954653937947
52 0.7181640624999999 0.14533412887828162 0.088796875 0.22269689737470166
15 0.7440234375 0.23896181384248208 0.511953125 0.47272076372315036
4 0.7695390624999999 0.36131264916467787 0.21379687500000003 0.22047732696897374
