34 0.21565625 0.5899178403755869 0.37162500000000004 0.8004460093896714
25 0.87921875 0.5830046948356806 0.12340625000000001 0.1143192488262911
4 0.5408984375 0.43894366197183105 0.049015625 0.0368075117370892
10 0.5482109375 0.7629225352112676 0.270734375 0.45166666666666666
35 0.6572890625000001 0.4947652582159624 0.012921874999999998 0.028826291079812206
4 0.5377031249999998 0.45735915492957746 0.052875000000000005 0.018615023474178403
4 0.5399609375000001 0.46332159624413144 0.054421874999999995 0.021901408450704225
12 0.8088203125000001 0.6061737089201877 0.382359375 0.405962441314554
37 0.4033828125 0.4618192488262911 0.034609375 0.01551643192488263
35 0.6661015625000001 0.48544600938967136 0.031046875 0.01812206572769953
4 0.5736328125000001 0.47245305164319246 0.052609375 0.032981220657276995
