10 0.19139843750000002 0.8078272980501393 0.149265625 0.3626740947075209
12 0.9800390625000002 0.6427019498607243 0.039921875 0.11866295264623955
2 0.21483593750000002 0.5793036211699164 0.42967187500000004 0.5383844011142062
20 0.7254296875 0.626142061281337 0.078734375 0.06676880222841225
15 0.12469699052574051 0.8777829693071665 0.24939398105148103 0.2444340613856675
5 0.06484375 0.9074373259052926 0.05625 0.18512534818941503
13 0.5538906250000001 0.4003621169916435 0.0098125 0.026740947075208913
13 0.5652656249999999 0.40224233983286906 0.009375 0.025264623955431754
10 0.9797421875000001 0.6428969359331477 0.040515625 0.11532033426183844
10 0.692515625 0.5995821727019499 0.22715625 0.3851810584958217
15 0.8959843749999998 0.6106406685236768 0.14021875 0.2583286908077994
