10 0.3241953125 0.48171875 0.28385937499999997 0.36989583333333337
25 0.36235937499999993 0.30786458333333333 0.1618125 0.18427083333333333
21 0.580015625 0.33309375 0.17259375 0.030895833333333334
76 0.9634062499999999 0.9512604166666666 0.0731875 0.09747916666666664
5 0.13247656250000003 0.37454166666666666 0.046859374999999995 0.12495833333333332
13 0.8402031249999999 0.335875 0.03646875 0.08908333333333333
28 0.69146875 0.34355208333333337 0.028156250000000004 0.029604166666666668
21 0.37278906249999993 0.3535312500000001 0.11126562499999998 0.035270833333333335
39 0.6178515625 0.21246874999999998 0.13764062500000002 0.1703125
13 0.8753203124999999 0.3316458333333334 0.036140624999999996 0.10345833333333333
