10 0.26585156249999997 0.6531572769953052 0.21789062499999998 0.2988028169014085
12 0.7292578125 0.7008568075117371 0.541484375 0.575093896713615
15 0.4025078125 0.824706572769953 0.33201562500000004 0.32237089201877933
32 0.7862421875000001 0.6670892018779344 0.42589062499999997 0.6622065727699531
25 0.6937265625000001 0.6608685446009389 0.18651562500000002 0.23652582159624413
35 0.442125 0.6960680751173709 0.048625 0.043169014084507046
43 0.22985937500000003 0.3457042253521127 0.10543750000000002 0.07854460093896713
13 0.01784375 0.5738732394366197 0.02190625 0.06272300469483567
10 0.4606484375 0.5020422535211267 0.023921875000000002 0.09849765258215964
10 0.49494531249999996 0.4964201877934272 0.076171875 0.10185446009389672
32 0.58525 0.5910328638497652 0.28053125 0.30967136150234736
13 0.42859374999999994 0.6468075117370893 0.0375625 0.0907981220657277
13 0.041171875 0.578450704225352 0.01934375 0.05431924882629108
47 0.06114843750000001 0.5364084507042254 0.103859375 0.1264319248826291
15 0.54784375 0.4967723004694836 0.03525 0.009694835680751173
4 0.3254140625 0.7699765258215961 0.15035937500000002 0.05953051643192488
4 0.27676562499999996 0.6619953051643193 0.03846875 0.06394366197183098
4 0.09803906250000001 0.5964906103286386 0.076765625 0.030868544600938966
