32 0.8738750000000001 0.29493749999999996 0.24100000000000002 0.29662499999999997
39 0.2010078125 0.2691458333333334 0.293921875 0.3288333333333334
11 0.8179453124999999 0.5181041666666667 0.064578125 0.08291666666666667
28 0.6913359375 0.6588854166666666 0.094640625 0.06747916666666667
21 0.433984375 0.5797708333333333 0.3758437499999999 0.107875
4 0.21309375000000003 0.6234166666666666 0.0883125 0.02041666666666667
4 0.9446328125 0.6642395833333333 0.11073437500000001 0.17639583333333334
25 0.43056249999999996 0.6550416666666666 0.3111875 0.10175000000000001
9 0.730515625 0.6168854166666666 0.0935 0.07014583333333334
10 0.7622109375000001 0.3485208333333334 0.08151562500000001 0.13329166666666667
