39 0.6797265625 0.29525 0.09582812499999999 0.12025000000000001
10 0.823234375 0.8081562500000001 0.31062500000000004 0.36481250000000004
32 0.7794296875 0.3565 0.22701562500000003 0.6771249999999999
23 0.5771796874999999 0.22188541666666667 0.011515625 0.11172916666666667
23 0.5642499999999999 0.22310416666666666 0.0124375 0.09554166666666668
23 0.594796875 0.22259375000000003 0.0110625 0.12131249999999999
23 0.6136015624999999 0.21632291666666667 0.023265625 0.13193749999999999
37 0.19063281250000003 0.39067708333333334 0.062765625 0.0146875
43 0.20392968749999998 0.18090625000000002 0.182015625 0.1505625
46 0.4611484375 0.5439166666666666 0.314203125 0.5360416666666666
15 0.9409062499999998 0.9519479166666668 0.116875 0.06493750000000001
44 0.014343749999999999 0.43064583333333334 0.028687499999999998 0.04945833333333334
44 0.6363125000000001 0.38844791666666667 0.05240625000000001 0.014270833333333333
34 0.254671875 0.61478125 0.20950000000000002 0.38214583333333335
6 0.0945546875 0.4197604166666667 0.042515625 0.028354166666666666
