12 0.7626718749999999 0.7128990610328638 0.47465624999999995 0.552699530516432
13 0.04556249999999999 0.9671713615023474 0.09112499999999998 0.06565727699530516
35 0.26928906250000006 0.5143309859154929 0.16017187500000002 0.1414319248826291
35 0.056617187500000006 0.8253873239436621 0.072171875 0.07284037558685447
21 0.1848828125 0.691549295774648 0.070078125 0.04751173708920187
32 0.5740078125 0.5411737089201878 0.765859375 0.9176525821596244
25 0.1799765625 0.581924882629108 0.101953125 0.3186384976525822
35 0.12210156250000001 0.990856807511737 0.089953125 0.01828638497652582
10 0.9316171874999999 0.690105633802817 0.136765625 0.5963615023474179
39 0.931359375 0.35843896713615025 0.13728125 0.17143192488262912
32 0.29564062500000005 0.6057159624413145 0.55325 0.761056338028169
