12 0.5013437500000001 0.7502187499999999 0.9962500000000002 0.4806875
15 0.70853125 0.4875208333333333 0.20646874999999998 0.049416666666666664
32 0.557046875 0.6601770833333334 0.12081249999999999 0.15660416666666668
25 0.3741562500000001 0.8468541666666667 0.2550625 0.2545
51 0.8276406249999999 0.8043020833333333 0.10034375 0.12443749999999999
13 0.21435937500000002 0.8755520833333335 0.0700625 0.11118749999999998
13 0.5698984375 0.69375 0.029484374999999997 0.05945833333333333
10 0.79103125 0.5620104166666667 0.05 0.03935416666666667
10 0.743671875 0.5662916666666667 0.052593749999999995 0.03195833333333333
44 0.6782656250000001 0.47460416666666666 0.0584375 0.011583333333333333
32 0.22965625000000003 0.36266666666666664 0.0478125 0.04625
32 0.24759374999999997 0.7691770833333333 0.49518749999999995 0.3238125
