39 0.38425 0.49394791666666665 0.09921875 0.1278125
32 0.7794921875 0.7372291666666666 0.335390625 0.498875
32 0.34892968750000003 0.6781458333333333 0.112671875 0.20404166666666665
11 0.14201562499999998 0.14241666666666666 0.061500000000000006 0.10858333333333332
4 0.5671953125 0.5865208333333333 0.08082812499999999 0.03266666666666666
12 0.482203125 0.8350416666666667 0.61796875 0.3299166666666667
2 0.4583359375 0.87609375 0.536828125 0.24781250000000005
25 0.9535234375 0.8923229166666666 0.090296875 0.1039375
32 0.6241484374999999 0.7547395833333332 0.21548437500000003 0.2611875
4 0.51025 0.6037395833333332 0.09375 0.0269375
