47 0.199046875 0.42890625 0.04628125000000001 0.053187500000000006
15 0.216171875 0.44822916666666657 0.09353125000000001 0.054125
32 0.31883593750000006 0.3554895833333333 0.14810937500000002 0.2712291666666667
44 0.7901406249999999 0.5025833333333334 0.05890625000000001 0.036458333333333336
9 0.3236328125 0.2903125 0.009890625 0.028083333333333335
46 0.451515625 0.5567708333333333 0.24584375000000003 0.079625
46 0.598484375 0.4196354166666667 0.0841875 0.2721041666666667
34 0.8859531249999999 0.62471875 0.22809374999999998 0.7460625000000001
10 0.14889062500000003 0.537125 0.12809375 0.2617083333333333
10 0.23277343749999996 0.43380208333333337 0.050078124999999994 0.10956250000000001
10 0.1211484375 0.4042499999999999 0.051671875 0.04429166666666666
13 0.5408984375 0.6145833333333333 0.026546874999999998 0.056416666666666664
15 0.1993828125 0.5393333333333333 0.122046875 0.20104166666666667
13 0.5025781250000001 0.5989479166666666 0.027125 0.05164583333333333
43 0.2188515625 0.28197916666666667 0.089109375 0.08345833333333336
