39 0.8460078125000001 0.5010259433962264 0.21642187499999999 0.20733490566037735
12 0.27984375000000006 0.8448231132075472 0.5425625000000001 0.28662735849056603
10 0.240390625 0.6517216981132076 0.11446875000000001 0.1943867924528302
10 0.4252734375 0.6454716981132076 0.08473437499999999 0.20910377358490564
10 0.3553125 0.6604481132075471 0.09409375 0.22849056603773582
10 0.0835234375 0.6411674528301886 0.141359375 0.16808962264150942
34 0.46887499999999993 0.5516863207547169 0.049249999999999995 0.21459905660377354
6 0.7562031250000001 0.6678537735849056 0.02790625 0.028679245283018864
15 0.22432031249999926 0.6487714572114436 0.4486406249999985 0.1894297068757195
44 0.1387109375 0.5537146226415094 0.059296875000000006 0.02615566037735849
40 0.01853125 0.5589268867924528 0.0361875 0.06889150943396227
