39 0.6994453125 0.39438541666666665 0.138203125 0.4157291666666667
5 0.50484375 0.45289583333333333 0.03609375 0.12895833333333334
10 0.3247890625 0.6452499999999999 0.332078125 0.6868333333333332
28 0.57009375 0.5996145833333333 0.06646875 0.05627083333333334
35 0.651203125 0.6806145833333334 0.061843749999999996 0.03747916666666666
21 0.48651562500000006 0.5586041666666667 0.12174999999999998 0.10354166666666668
4 0.5771796875 0.43903125000000004 0.11376562500000001 0.059354166666666666
4 0.5499140625 0.47309375 0.058390625 0.04302083333333333
4 0.5585390625 0.35659375000000004 0.17189062500000002 0.11322916666666667
25 0.5587109375 0.3627708333333333 0.161703125 0.12229166666666667
