12 0.7887099999999999 0.7851866666666666 0.42258 0.39570666666666665
34 0.23109000000000002 0.5105066666666667 0.09269999999999999 0.37093333333333334
10 0.1175 0.6757866666666666 0.09559999999999999 0.09216
10 0.03356 0.67792 0.06712 0.08922666666666666
10 0.54985 0.6248933333333333 0.020460000000000002 0.11506666666666666
10 0.49583 0.6324933333333334 0.07206 0.13325333333333333
44 0.21969999999999998 0.55436 0.062079999999999996 0.022426666666666664
44 0.16132000000000002 0.5822133333333334 0.201 0.0608
20 0.63959 0.6882933333333334 0.06962 0.07749333333333333
6 0.09605000000000001 0.5747333333333333 0.06142 0.033306666666666665
40 0.74185 0.7308533333333334 0.039979999999999995 0.09818666666666667
15 0.1186 0.8543999999999999 0.2372 0.2912
