12 0.47694 0.7343993993993994 0.37239999999999995 0.5053753753753754
15 0.21960000000000002 0.6631681681681681 0.20444000000000004 0.07504504504504504
32 0.5133 0.5142942942942943 0.24612 0.18924924924924927
32 0.43090000000000006 0.4804504504504505 0.07768000000000001 0.15585585585585585
13 0.30802 0.6505105105105105 0.021 0.049129129129129125
10 0.43103 0.5162312312312313 0.0859 0.1623123123123123
4 0.14767 0.6707657657657657 0.0613 0.04927927927927929
4 0.22227000000000005 0.8059159159159159 0.03682 0.038918918918918924
4 0.2689 0.680990990990991 0.06552 0.026426426426426432
39 0.34040000000000004 0.43361861861861856 0.011439999999999999 0.11138138138138139
11 0.18211000000000002 0.2797747747747747 0.03354 0.040270270270270275
32 0.4182 0.7062612612612614 0.35475999999999996 0.5304804804804805
