39 0.65140625 0.29340625 0.13315625 0.1505625
10 0.6592890625000001 0.7338020833333333 0.23326562499999998 0.5097291666666667
15 0.8228203124999999 0.6120208333333332 0.3543593749999999 0.26179166666666664
65 0.17177343750000001 0.61828125 0.11451562500000001 0.4623541666666667
32 0.34887500000000005 0.5153541666666667 0.28315625 0.9415833333333333
6 0.9741171874999999 0.5873333333333334 0.051765625 0.05470833333333334
20 0.5151328125 0.476125 0.073921875 0.08195833333333334
10 0.6603593750000001 0.6384166666666666 0.11181250000000001 0.19479166666666667
2 0.3400694492543553 0.5703291469939539 0.4647990207793442 0.25456546081251036
0 0.267421875 0.5514479166666667 0.12315625 0.11239583333333333
