61 0.44539062499999993 0.5674672489082969 0.0694375 0.12580786026200874
39 0.9138593749999999 0.2478165938864629 0.17134375 0.48427947598253274
12 0.123125 0.3456986899563319 0.24625 0.5964628820960699
10 0.9147578125 0.8430131004366812 0.170484375 0.18493449781659385
10 0.8520156249999999 0.9490174672489082 0.0998125 0.10196506550218341
12 0.3609453125 0.7139519650655024 0.428984375 0.3767685589519651
32 0.5217109375 0.6837882096069869 0.178234375 0.4288427947598253
15 0.9408203125 0.9065393013100437 0.118359375 0.16216157205240173
61 0.287578125 0.7196397379912663 0.10346875000000001 0.06696506550218341
25 0.4349765625 0.04183406113537118 0.071203125 0.04541484716157205
35 0.111328125 0.5343013100436681 0.0408125 0.054541484716157204
6 0.334375 0.3853056768558952 0.046656249999999996 0.07
15 0.41264843749999996 0.3558406113537117 0.21560937500000002 0.34805676855895196
