34 0.10534 0.6511333333333335 0.16012 0.39325333333333334
10 0.6934100000000001 0.8592266666666667 0.16722 0.23424
10 0.8787600000000001 0.8673466666666667 0.13332 0.21058666666666667
15 0.8471900000000001 0.8101066666666666 0.30562 0.35280000000000006
13 0.8510400000000001 0.62864 0.04884 0.05072
46 0.25805 0.6183333333333333 0.13186 0.20109333333333332
56 0.68132 0.50792 0.03252 0.04576
44 0.40971 0.5311333333333333 0.18253999999999998 0.03149333333333333
13 0.8478899999999999 0.5887066666666666 0.06218 0.057093333333333336
6 0.5190400000000001 0.5065466666666666 0.05328 0.057786666666666674
