34 0.3286171875 0.38074438202247196 0.082390625 0.2974438202247191
43 0.2229140625 0.4393960674157303 0.076265625 0.08963483146067416
46 0.37896875 0.5403651685393258 0.050062499999999996 0.21870786516853932
44 0.124171875 0.511558988764045 0.13525 0.09935393258426965
4 0.791421875 0.7423314606741573 0.1291875 0.17101123595505618
40 0.8579218750000002 0.8648033707865168 0.06503125 0.26893258426966293
5 0.9098984375000001 0.9159691011235955 0.039828125 0.168061797752809
13 0.2386953125 0.3025140449438203 0.013734374999999998 0.02193820224719101
13 0.2596640625 0.30067415730337077 0.011234375000000001 0.021685393258426965
6 0.24841406249999995 0.22526685393258425 0.029796874999999997 0.01547752808988764
39 0.6710546875 0.3099719101123596 0.07095312499999999 0.07949438202247192
