12 0.8688906249999999 0.8142136150234742 0.2548125 0.3462206572769953
10 0.40330468750000004 0.7749530516431926 0.22585937500000003 0.3816901408450704
25 0.48371875000000003 0.4709976525821597 0.15275 0.17049295774647885
28 0.5442343749999999 0.5423474178403755 0.02834375 0.024272300469483567
4 0.57084375 0.7647887323943661 0.059625 0.043896713615023474
4 0.42042187499999994 0.4929342723004695 0.042562499999999996 0.02460093896713615
9 0.6082031250000001 0.5428873239436619 0.044187500000000005 0.02835680751173709
9 0.6154375 0.1027699530516432 0.016875 0.030985915492957747
35 0.63515625 0.5234624413145539 0.04471875 0.03016431924882629
9 0.6257421875 0.09842723004694837 0.008546874999999999 0.04408450704225352
