39 0.13643750000000002 0.2888407494145199 0.223 0.2834894613583138
10 0.9227421875 0.6045199063231849 0.154515625 0.18533957845433252
10 0.6138046875000001 0.7288056206088994 0.401109375 0.5261826697892272
12 0.8206796875000001 0.8322599531615924 0.35864062499999994 0.30967213114754094
34 0.7827109375000001 0.36870023419203746 0.122140625 0.09889929742388757
10 0.8335390625 0.5790983606557378 0.11179687499999998 0.20920374707259953
10 0.5481171875 0.5307142857142857 0.062703125 0.11412177985948477
15 0.292875 0.8961007025761124 0.37778125 0.2077985948477752
4 0.31153125 0.8374941451990633 0.14134375 0.08271662763466042
4 0.177875 0.8365105386416861 0.12421875 0.09105386416861826
43 0.8805546875 0.3996252927400468 0.048328125 0.03456674473067916
