39 0.29579000000000005 0.4883866666666667 0.06573999999999999 0.07864
10 0.8802199999999999 0.6613866666666667 0.09372 0.13445333333333334
10 0.8571599999999999 0.7456666666666666 0.08948 0.1948
12 0.39592 0.7521466666666666 0.31868 0.19954666666666665
32 0.18499000000000002 0.5543066666666667 0.11586 0.48872000000000004
32 0.445 0.5949733333333335 0.04692 0.12349333333333334
32 0.40176 0.6295466666666666 0.05367999999999999 0.06757333333333333
32 0.27845000000000003 0.6414533333333332 0.04294 0.11229333333333333
32 0.37195999999999996 0.5685333333333333 0.056960000000000004 0.09178666666666667
13 0.49241999999999997 0.8384133333333332 0.037079999999999995 0.09714666666666667
13 0.47889 0.8045866666666668 0.04362 0.09029333333333334
15 0.49298000000000003 0.8724666666666667 0.58484 0.2382133333333333
25 0.10701999999999998 0.8966266666666667 0.21403999999999995 0.20674666666666666
