10 0.7113359375 0.35928125 0.154765625 0.22109375
10 0.5795703125 0.35375781250000005 0.113984375 0.217203125
10 0.6324531250000001 0.285921875 0.0754375 0.1293125
10 0.7989921875 0.3162109375 0.054296875 0.17410937500000004
12 0.16546093750000002 0.3041953125 0.299015625 0.225390625
15 0.688234375 0.281765625 0.20471875 0.04471875
2 0.7467109375 0.8183437499999999 0.48364062499999994 0.33575000000000005
34 0.0425078125 0.7552500000000001 0.058171875000000005 0.4675625
25 0.3696640625 0.25842968749999995 0.110109375 0.085390625
43 0.1609375 0.7201484375 0.08900000000000001 0.066515625
46 0.159546875 0.8662890625000002 0.17078125 0.23595312499999999
10 0.410765625 0.8203671875 0.03871875 0.111015625
44 0.475609375 0.8019140625000002 0.03484375 0.033546875
44 0.4737890624999999 0.7780234375 0.04401562500000001 0.011734374999999998
20 0.7720078125000001 0.814796875 0.059078125 0.043375000000000004
10 0.4517578125 0.4090625 0.08870312500000001 0.161375
20 0.7919609375000001 0.8688828125000001 0.09157812500000001 0.15035937500000002
