5 0.36655373831775706 0.43342187499999996 0.1707710280373832 0.35196875
5 0.473072429906542 0.4219609375 0.11254672897196262 0.329734375
12 0.5933060747663551 0.2892421875 0.7685747663551402 0.251609375
25 0.5057242990654206 0.601125 0.8837383177570094 0.492125
13 0.24362149532710276 0.5497734375000001 0.0972429906542056 0.128046875
10 0.08678738317757011 0.35903125 0.17357476635514021 0.27725
25 0.8930257009345794 0.5047109375 0.2139485981308411 0.170765625
35 0.08496495327102803 0.5251718750000001 0.16866822429906542 0.070875
32 0.9039953271028038 0.3150703125 0.19200934579439255 0.242171875
21 0.49462616822429906 0.6744296875000001 0.5544392523364486 0.084671875
