2 0.35140625 0.8153541666666666 0.6994374999999999 0.34608333333333335
10 0.42591406249999997 0.55978125 0.23410937499999998 0.33256250000000004
28 0.6983281250000001 0.5203229166666666 0.0305 0.0206875
21 0.599453125 0.51478125 0.13075 0.03472916666666667
4 0.8872968750000001 0.6753229166666667 0.1603125 0.06243750000000001
4 0.9080468750000001 0.6555104166666667 0.149875 0.05102083333333333
13 0.5465625000000001 0.47371875 0.0285625 0.044604166666666674
39 0.7599375 0.4466770833333334 0.057374999999999995 0.1484375
25 0.64690625 0.4648333333333333 0.11971875000000001 0.10070833333333334
13 0.5181484375 0.4663541666666666 0.018578125 0.035416666666666666
