39 0.43926000000000004 0.5960714285714286 0.17748 0.23185714285714287
13 0.7274 0.6232571428571428 0.08612 0.15434285714285714
25 0.42236000000000007 0.8168571428571428 0.35392 0.34382857142857143
28 0.36522999999999994 0.8224428571428573 0.05106 0.046714285714285715
4 0.11209 0.6883 0.1067 0.08534285714285715
4 0.66854 0.5704142857142857 0.05348 0.14379999999999998
4 0.62754 0.5786 0.02028 0.11794285714285714
54 0.72418 0.5125 0.0352 0.0798
28 0.21768 0.7374428571428573 0.05692 0.04002857142857143
9 0.7401300000000001 0.8726857142857143 0.06098 0.08068571428571428
4 0.6186 0.5670571428571428 0.045520000000000005 0.14611428571428572
4 0.58446 0.5443857142857143 0.048119999999999996 0.17322857142857143
40 0.8683099999999999 0.6741571428571429 0.09437999999999999 0.13934285714285716
21 0.3604999999999999 0.7301999999999998 0.07831999999999999 0.09337142857142858
54 0.7506999999999999 0.5361142857142858 0.0212 0.0412
4 0.6075100000000001 0.8921857142857142 0.06786 0.09174285714285714
