12 0.5 0.6251041666666667 1.0 0.685875
9 0.37546875 0.5959687499999999 0.036875000000000005 0.028104166666666666
32 0.5781640625 0.478 0.20823437500000005 0.5643333333333334
32 0.7567109375 0.49575 0.4865781250000001 0.7539166666666667
32 0.1602421875 0.3425 0.263421875 0.4250416666666667
52 0.3220859375 0.6231562500000001 0.051171875 0.16402083333333334
13 0.25168749999999995 0.9087916666666668 0.11487499999999999 0.16216666666666668
25 0.7483124999999999 0.4202291666666666 0.198875 0.22920833333333332
25 0.3345468750000001 0.4662916666666666 0.15 0.14608333333333334
4 0.38572656250000004 0.6730104166666666 0.083640625 0.0194375
4 0.3839453125000001 0.6379374999999999 0.08442187500000001 0.02679166666666667
4 0.38279687500000004 0.6315625 0.08153125 0.024541666666666666
20 0.39928125000000003 0.6494583333333332 0.15184375 0.14870833333333333
5 0.771796875 0.25219791666666663 0.03528125 0.06860416666666666
19 0.168078125 0.7584062500000001 0.10943750000000002 0.028604166666666667
47 0.9736875 0.12669791666666666 0.052625000000000005 0.12985416666666666
35 0.8971953124999998 0.5873020833333332 0.110359375 0.016145833333333335
4 0.384453125 0.6590937500000001 0.08796875 0.02789583333333333
37 0.168125 0.75859375 0.11003124999999998 0.036562500000000005
6 0.4579921874999999 0.887125 0.336640625 0.21029166666666665
