5 0.40764999999999996 0.44698113207547174 0.03374 0.15110512129380055
10 0.32073 0.4404986522911052 0.29042 0.5462264150943397
12 0.24813 0.7698834947806319 0.4803 0.40862533692722364
9 0.78357 0.773355795148248 0.06466 0.06493261455525606
13 0.35314999999999996 0.512021563342318 0.07142 0.09358490566037736
13 0.40177999999999997 0.4866037735849057 0.027919999999999997 0.06544474393530998
25 0.69343 0.5417654986522912 0.3551 0.4221293800539084
28 0.7240100000000002 0.78355795148248 0.05286 0.058760107816711586
5 0.37685 0.4232075471698113 0.038020000000000005 0.1369811320754717
4 0.45292 0.3601212938005391 0.12048 0.06946091644204852
35 0.5595 0.6576010781671158 0.09872 0.1120754716981132
35 0.5853200000000001 0.6352964959568732 0.04408 0.04584905660377359
35 0.43256999999999995 0.5386927223719677 0.06762 0.05636118598382749
21 0.6887899999999999 0.6158086253369273 0.18622 0.16983827493261455
