34 0.375 0.5773958333333333 0.2801875 0.6353333333333333
5 0.8732890624999999 0.4492604166666667 0.015359375 0.09264583333333333
10 0.038585937499999994 0.8850104166666665 0.073828125 0.19910416666666667
13 0.7488203124999999 0.48365625 0.010515625000000002 0.029770833333333333
6 0.8112578125000001 0.4866979166666667 0.04623437500000001 0.0234375
43 0.533609375 0.42718749999999994 0.055937499999999994 0.07983333333333334
44 0.765390625 0.4796250000000001 0.14428125 0.04779166666666667
5 0.8832109374999999 0.4641041666666667 0.021921875 0.07525
23 0.5753984375000001 0.41567708333333336 0.011328125 0.03139583333333333
23 0.5612109375 0.41882291666666666 0.010859375 0.023520833333333335
23 0.7868828124999999 0.4571354166666666 0.015140624999999998 0.02722916666666667
5 0.64446875 0.4159791666666667 0.0296875 0.05541666666666667
23 0.5709296875 0.41567708333333336 0.011546875000000002 0.022270833333333333
15 0.0359140625 0.8074791666666666 0.06967187500000001 0.24933333333333332
4 0.030289062500000005 0.704375 0.06057812500000001 0.050958333333333335
4 0.032249999999999994 0.7159895833333334 0.0438125 0.022187500000000006
49 0.7480078125 0.75096875 0.014296875 0.017562499999999998
54 0.56665625 0.4435520833333333 0.01515625 0.023020833333333334
13 0.8826875000000001 0.4761666666666666 0.024375 0.05583333333333333
