39 0.91432 0.36965333333333333 0.15 0.18202666666666667
39 0.19725 0.4365866666666666 0.2791 0.316
10 0.6565099999999999 0.42162666666666665 0.24158000000000002 0.34197333333333335
10 0.14839 0.8913866666666667 0.2871 0.18709333333333333
13 0.53989 0.68592 0.0735 0.11557333333333335
13 0.4619500000000001 0.6600533333333334 0.07454000000000001 0.10890666666666668
25 0.45881 0.51336 0.21253999999999998 0.23024
21 0.55904 0.5480933333333334 0.10123999999999998 0.06258666666666667
21 0.53274 0.5918133333333333 0.0688 0.06528
28 0.34637999999999997 0.51836 0.03336 0.03853333333333333
9 0.7188100000000002 0.5985333333333334 0.040979999999999996 0.033280000000000004
