47 0.9652109375000002 0.36950000000000005 0.066828125 0.11879166666666667
10 0.40434375 0.57059375 0.13878125 0.2104375
10 0.10484375 0.6071666666666666 0.17096875 0.29891666666666666
12 0.38307031249999995 0.7849479166666667 0.714515625 0.4301041666666666
11 0.8815234375 0.25508333333333333 0.129109375 0.21325
28 0.45571875 0.5176979166666666 0.012125000000000002 0.008104166666666668
4 0.2368203125 0.7277604166666669 0.06298437500000001 0.048270833333333346
21 0.4225546875000001 0.51184375 0.035953125 0.011104166666666667
4 0.20928906249999998 0.7382708333333332 0.027765625 0.020041666666666666
47 0.7716171875000001 0.35967708333333326 0.068859375 0.09860416666666666
15 0.16364062499999998 0.84415625 0.3116875 0.2701458333333333
39 0.4437734374999999 0.45703125 0.072421875 0.08035416666666667
