10 0.8778046875000001 0.6679979253112035 0.24260937500000002 0.6420539419087138
13 0.4268984375 0.19718879668049788 0.029015625 0.055788381742738584
13 0.235 0.4370435684647303 0.04068750000000001 0.08728215767634855
43 0.15401562500000002 0.3696680497925311 0.30125 0.24045643153526972
46 0.44003125 0.41910788381742736 0.26740624999999996 0.08763485477178425
44 0.7619609375 0.3846576763485477 0.148921875 0.04097510373443983
6 0.7525703124999998 0.3465145228215768 0.052328125 0.03265560165975104
10 0.5807421875 0.15690871369294604 0.090390625 0.10518672199170125
15 0.92490625 0.8569813278008298 0.1501875 0.09010373443983402
34 0.2220234375 0.7636410788381742 0.314953125 0.47271784232365144
6 0.46692187500000004 0.3765871369294606 0.10553125000000002 0.08396265560165976
13 0.6636171875000001 0.38191908713692946 0.031203124999999998 0.0646265560165975
