2 0.3662265624999999 0.7494431554524362 0.6961406249999998 0.4741531322505801
25 0.42754687500000005 0.7186310904872388 0.1554375 0.16983758700696053
5 0.8465156250000001 0.7825986078886311 0.048625 0.10993039443155453
13 0.9508437500000001 0.8198839907192574 0.03234375 0.06858468677494199
13 0.9682265625 0.8331438515081205 0.031484374999999995 0.060348027842227384
6 0.9180546875000001 0.8038863109048724 0.036859375 0.05807424593967517
25 0.5859062500000001 0.64415313225058 0.15934375 0.20218097447795824
9 0.38664843749999994 0.7813921113689095 0.065859375 0.03011600928074246
40 0.9438203125 0.7577958236658933 0.033390625 0.07276102088167054
54 0.946390625 0.866357308584687 0.088625 0.03498839907192575
11 0.8257656250000001 0.6680974477958236 0.02628125 0.011044083526682133
