51 0.30004 0.75304 0.26039999999999996 0.15978666666666666
10 0.57787 0.7799066666666667 0.3311 0.44018666666666667
10 0.29678 0.72084 0.36451999999999996 0.5311733333333333
34 0.9353999999999999 0.50128 0.12472 0.48090666666666665
5 0.98187 0.40240000000000004 0.03558 0.10869333333333332
13 0.6183 0.3838533333333334 0.038 0.03512
6 0.60919 0.3999466666666666 0.04546 0.03285333333333333
10 0.7346499999999999 0.8248533333333333 0.09846 0.2637333333333334
10 0.74527 0.4296133333333333 0.21314 0.25416
4 0.81806 0.5757866666666667 0.13863999999999999 0.06357333333333333
11 0.48967 0.06884 0.05938000000000001 0.09282666666666667
51 0.5049999999999999 0.4462533333333334 0.14208 0.11933333333333333
4 0.47909 0.50212 0.13218000000000002 0.07794666666666666
5 0.9747799999999998 0.5285466666666667 0.0292 0.03698666666666667
15 0.47143 0.44936 0.33118000000000003 0.3480533333333334
32 0.7874300000000001 0.5645866666666667 0.33918 0.7139733333333333
