39 0.5208984375 0.47579625292740046 0.085671875 0.08325526932084308
10 0.08959375000000001 0.8031498829039814 0.12240625000000001 0.2817564402810305
10 0.08699218749999998 0.8728454332552694 0.162484375 0.23491803278688525
12 0.35149218750000005 0.6729625292740047 0.468171875 0.4463466042154567
34 0.9397031249999999 0.5587822014051522 0.09574999999999999 0.18388758782201403
43 0.93953125 0.4481967213114754 0.08106250000000001 0.06295081967213115
4 0.5721015625 0.7279391100702576 0.05923437499999999 0.041217798594847775
4 0.6311484374999999 0.7340281030444966 0.055796875 0.0409367681498829
40 0.6493984374999999 0.5714285714285715 0.040171875 0.07498829039812648
15 0.07734374999999999 0.8378922716627634 0.14837499999999998 0.2186885245901639
