39 0.40277343750000005 0.29691666666666666 0.11110937500000001 0.27366666666666667
10 0.47984375 0.6935520833333334 0.20806249999999998 0.3634375
10 0.0389296875 0.29152083333333334 0.077203125 0.154125
15 0.7083359375 0.8008229166666666 0.583328125 0.3735208333333333
32 0.7255625000000001 0.44381249999999994 0.355625 0.6988749999999999
47 0.3728984375 0.08357291666666669 0.11989062499999999 0.16714583333333338
19 0.8387500000000001 0.9435104166666665 0.22612500000000002 0.11297916666666666
37 0.76453125 0.6562916666666666 0.16359375 0.03291666666666667
6 0.9053359375000001 0.7094270833333334 0.189328125 0.17077083333333334
49 0.150234375 0.3540520833333333 0.030750000000000003 0.042020833333333334
77 0.85703125 0.6479583333333333 0.05859375 0.07408333333333333
4 0.14907031250000002 0.4073333333333333 0.043265625 0.01954166666666667
19 0.81271875 0.6613958333333332 0.07025 0.025541666666666667
77 0.9425078125 0.7055 0.113890625 0.11658333333333333
12 0.08549218750000001 0.7422291666666666 0.17098437500000002 0.4844583333333333
32 0.9189296874999999 0.10422916666666665 0.161953125 0.124375
