5 0.026312500000000003 0.5453541666666666 0.052625000000000005 0.16554166666666664
10 0.2235 0.7620520833333333 0.22581250000000005 0.44318749999999996
15 0.09085156250000001 0.7814687499999999 0.18170312500000002 0.4038125
34 0.796453125 0.52365625 0.39359375 0.9324375
6 0.49971875000000004 0.2509895833333334 0.07246875 0.0494375
46 0.5595546875 0.5792291666666667 0.11026562499999999 0.38929166666666665
54 0.5317421875 0.12646875 0.014796875000000001 0.06677083333333332
10 0.08412499999999999 0.9393437499999999 0.15275 0.12131249999999999
13 0.54503125 0.2613020833333334 0.02546875 0.06114583333333334
6 0.911828125 0.039552083333333335 0.13309375 0.0726875
