2 0.752234375 0.6734583333333333 0.49518749999999995 0.6530833333333333
9 0.6880703125000001 0.2905 0.018421874999999997 0.022875
10 0.438390625 0.5084062500000001 0.16978125 0.3893541666666666
32 0.422265625 0.4185312500000001 0.2140625 0.5723541666666667
25 0.28178906249999996 0.36 0.11598437499999999 0.09891666666666668
39 0.029898437500000003 0.4207708333333333 0.059796875000000006 0.5038333333333334
9 0.28485156250000004 0.352875 0.031796875 0.016458333333333335
43 0.12401562499999999 0.3405208333333333 0.21134375 0.24445833333333333
32 0.6505624999999999 0.27415625 0.09775 0.20672916666666669
32 0.880328125 0.40172916666666664 0.23934375000000002 0.16583333333333333
10 0.8984296875000001 0.3322291666666667 0.203140625 0.107875
34 0.21992968750000003 0.6612083333333334 0.177359375 0.5466666666666666
