39 0.9301979166666666 0.744078125 0.1324375 0.16159375
10 0.04282291666666667 0.8653984374999999 0.08564583333333334 0.244109375
15 0.6547395833333334 0.9523906249999999 0.6768125 0.09521874999999999
60 0.2444791666666667 0.5391015625 0.019291666666666665 0.015296874999999998
60 0.27112500000000006 0.5370390625 0.023583333333333335 0.020796875
44 0.32636458333333335 0.5747734375 0.13614583333333333 0.015578125000000003
44 0.32359375 0.5696640625 0.1498125 0.056171875
10 0.7208437499999999 0.6242890624999999 0.06847916666666666 0.132234375
4 0.2640416666666667 0.6614062499999999 0.06625 0.0325625
12 0.7005729166666668 0.568390625 0.10564583333333336 0.06003125
