39 0.83764 0.4363363363363363 0.0634 0.09429429429429428
10 0.6631500000000001 0.856951951951952 0.12834 0.25054054054054054
10 0.6919099999999999 0.6579129129129129 0.09718 0.1584684684684685
10 0.9324000000000001 0.8322522522522524 0.13463999999999998 0.313993993993994
12 0.93391 0.8403753753753753 0.13218000000000002 0.31924924924924925
10 0.7172499999999999 0.583933933933934 0.03046 0.1284084084084084
34 0.07466 0.6154654654654655 0.09856000000000002 0.6838438438438439
43 0.23048000000000002 0.3688738738738738 0.13892 0.11426426426426425
46 0.24395 0.6258408408408409 0.14966 0.33036036036036037
44 0.44366 0.6261711711711712 0.17784 0.09978978978978978
2 0.57414 0.4172372372372372 0.08395999999999999 0.135015015015015
