51 0.3021875 0.5426145833333333 0.11256250000000001 0.17847916666666666
12 0.285640625 0.5901145833333333 0.57128125 0.8197708333333334
32 0.34839062500000006 0.49354166666666666 0.6967812500000001 0.9827916666666667
34 0.730625 0.04326041666666667 0.15 0.08539583333333332
13 0.1457890625 0.9224791666666667 0.143265625 0.13258333333333333
25 0.6851796874999999 0.7088020833333333 0.510890625 0.4623958333333333
4 0.6816093750000001 0.33601041666666664 0.16065625 0.03239583333333333
4 0.6799453124999999 0.30554166666666666 0.18814062500000003 0.05845833333333332
28 0.446578125 0.9890208333333332 0.08096875 0.02166666666666667
21 0.6421328125 0.7936979166666666 0.21573437499999998 0.18652083333333333
