61 0.7242421874999999 0.6626249999999999 0.169703125 0.4807916666666667
47 0.09596875 0.13870833333333332 0.1919375 0.2602083333333333
12 0.08046875 0.6534375 0.1545 0.6459166666666667
12 0.36694531249999995 0.4004270833333334 0.383046875 0.5493541666666667
15 0.46853125000000007 0.7305833333333334 0.44293750000000004 0.505875
32 0.36235937500000004 0.26629166666666665 0.296625 0.48762500000000003
13 0.41067968750000006 0.7422291666666666 0.091109375 0.18179166666666668
25 0.3806875 0.29229166666666667 0.21384375000000003 0.20054166666666667
4 0.445375 0.6577291666666667 0.13759375000000001 0.10458333333333333
4 0.30821875000000004 0.5903125 0.1304375 0.07925
