39 0.5952187500000001 0.3914583333333333 0.08778125 0.100625
10 0.2835546875 0.6316562499999999 0.144953125 0.3113125
10 0.2830859375 0.4566979166666667 0.091984375 0.0934375
12 0.80496875 0.6913437499999999 0.3900624999999999 0.34568750000000004
15 0.1584140625 0.6535312499999999 0.15926562500000002 0.3424375
47 0.333375 0.37511458333333336 0.11378124999999999 0.15914583333333335
47 0.12014843749999998 0.35810416666666667 0.077765625 0.14325000000000002
20 0.23790624999999999 0.6536770833333334 0.13665624999999998 0.23522916666666668
5 0.19142968749999997 0.36523958333333334 0.019078125 0.11035416666666667
6 0.0899375 0.49625 0.0306875 0.050166666666666665
10 0.5094296875 0.6150833333333334 0.171359375 0.2799583333333333
13 0.5305078125 0.4347291666666667 0.020703125 0.03795833333333333
13 0.6598984375000001 0.44684375 0.021671874999999997 0.057229166666666664
28 0.6031406250000001 0.48309375000000004 0.019 0.0116875
21 0.5790078125 0.5073333333333333 0.063265625 0.01954166666666667
10 0.43397656250000005 0.8620625000000001 0.7541718750000002 0.275875
