47 0.18650000000000003 0.10658079625292739 0.05684375 0.11334894613583138
39 0.21390625 0.265983606557377 0.12793749999999998 0.17730679156908663
10 0.104296875 0.44560889929742387 0.06571875 0.09421545667447306
10 0.5170859375 0.37658079625292745 0.034921875000000005 0.059063231850117096
32 0.35608593749999995 0.6910070257611242 0.295359375 0.595503512880562
32 0.0411796875 0.34740046838407496 0.081296875 0.2633723653395784
32 0.3106640625 0.40777517564402815 0.11973437499999999 0.11578454332552694
2 0.5862109375 0.6966276346604215 0.827578125 0.5842622950819671
25 0.57978125 0.6520140515222482 0.16125 0.1498360655737705
11 0.0588125 0.6992857142857142 0.07078124999999999 0.052810304449648716
12 0.920234375 0.51884074941452 0.15953124999999999 0.2727166276346604
