5 0.6500156249999999 0.49602510460251037 0.0849375 0.27958158995815896
5 0.647234375 0.35313807531380753 0.06884375000000001 0.1998326359832636
10 0.9099062499999999 0.2679811715481171 0.1654375 0.17851464435146444
25 0.8600078125 0.5550523012552301 0.279984375 0.49437238493723856
25 0.102359375 0.4771757322175732 0.20471875 0.5292887029288703
28 0.65940625 0.7736506276150628 0.10093749999999999 0.12387029288702928
21 0.3802109375 0.7073430962343096 0.314953125 0.1411297071129707
4 0.844078125 0.8906485355648535 0.14440625 0.19225941422594142
21 0.8860234375 0.6292154811715482 0.22795312499999998 0.17976987447698747
13 0.5885546875000001 0.5148535564853557 0.075421875 0.1494560669456067
39 0.3797265625 0.234592050209205 0.485078125 0.4386820083682008
21 0.070875 0.5649163179916318 0.14175 0.1285355648535565
