39 0.40700000000000003 0.30629333333333336 0.26380000000000003 0.30416
10 0.54355 0.8935466666666667 0.6806599999999999 0.19141333333333332
10 0.60988 0.06976 0.19635999999999998 0.13834666666666667
10 0.16279999999999997 0.19817333333333334 0.24459999999999998 0.39309333333333335
10 0.42479 0.05811999999999999 0.15258000000000002 0.10279999999999999
10 0.71241 0.12878666666666666 0.1751 0.2236
25 0.64042 0.4286533333333334 0.27012 0.4174666666666667
28 0.80304 0.69612 0.06604 0.09096
21 0.44537999999999994 0.6814133333333333 0.24647999999999995 0.1173866666666667
37 0.83921 0.5805333333333333 0.055619999999999996 0.10106666666666668
10 0.21436 0.02532 0.14084 0.04989333333333334
15 0.44494999999999996 0.19662666666666667 0.44494 0.20898666666666668
21 0.63558 0.5123733333333333 0.21348 0.12602666666666665
54 0.89298 0.4185333333333333 0.04828 0.05274666666666668
4 0.07798000000000001 0.6121066666666668 0.15596000000000002 0.19477333333333335
