47 0.9593906249999999 0.5600937500000001 0.08121874999999999 0.17818750000000003
12 0.5196171875000001 0.7927916666666667 0.621390625 0.412
12 0.1415078125 0.7115833333333333 0.283015625 0.3288333333333334
15 0.6775312500000001 0.6239479166666667 0.21953125 0.08235416666666667
4 0.4967734375000001 0.5328125 0.051046875000000005 0.009416666666666665
4 0.49708593749999996 0.5225625 0.05354687500000001 0.014000000000000002
60 0.7467890625 0.5825520833333333 0.04876562500000001 0.0626875
10 0.373359375 0.5929583333333334 0.11181250000000001 0.12341666666666667
35 0.11439843749999999 0.9398333333333333 0.052390625 0.051625000000000004
47 0.6458203125 0.5547708333333333 0.021078125 0.034874999999999996
25 0.32739062500000005 0.8901979166666666 0.16515625 0.19947916666666668
