39 0.9823593749999999 0.45045833333333335 0.03528125 0.33354166666666674
10 0.126890625 0.6875 0.1988125 0.42458333333333337
10 0.9250390625 0.5075729166666666 0.09689062499999998 0.21056249999999999
12 0.44903125000000005 0.4286770833333333 0.47615625 0.4194375
25 0.058234375000000005 0.4418958333333333 0.11646875000000001 0.12929166666666667
10 0.0283203125 0.38627083333333334 0.056640625 0.026708333333333334
4 0.14509375 0.40454166666666663 0.031375 0.030833333333333334
10 0.7920703125 0.54946875 0.181171875 0.19902083333333334
15 0.152921875 0.65584375 0.30584375 0.5480625
28 0.015203125000000001 0.5326250000000001 0.030406250000000003 0.027916666666666666
4 0.08664843750000001 0.41530208333333335 0.11676562500000001 0.052145833333333336
15 0.7967128027681661 0.8529411764705883 0.10640138408304509 0.00692041522491337
