47 0.3150625 0.37621093749999995 0.05466666666666666 0.035609375
10 0.301875 0.6057968749999999 0.12808333333333333 0.160375
15 0.36311458333333335 0.5179453125 0.22772916666666668 0.10764062499999999
10 0.424 0.560296875 0.11125 0.1430625
34 0.9059895833333335 0.7067421875 0.18802083333333333 0.559546875
6 0.7514791666666666 0.5565 0.06816666666666667 0.028937499999999998
20 0.14552083333333335 0.48362499999999997 0.08433333333333333 0.17681249999999998
13 0.6135416666666667 0.5031328125000001 0.028125 0.020328125
13 0.8059479166666667 0.5704921875 0.035270833333333335 0.032828125
13 0.7427395833333332 0.516703125 0.043812500000000004 0.02040625
37 0.73484375 0.5515 0.010604166666666666 0.0063750000000000005
44 0.7864166666666667 0.54759375 0.11295833333333333 0.018312500000000002
4 0.00765625 0.36515625 0.0153125 0.04690625
4 0.07326041666666668 0.3624140625 0.019895833333333335 0.039078125000000005
4 0.039031249999999997 0.340328125 0.029312500000000005 0.08546875000000002
4 0.023072916666666665 0.33712500000000006 0.0290625 0.09978125
4 0.01675 0.33612499999999995 0.030875 0.09975000000000002
6 0.8355312499999998 0.6759296874999999 0.03764583333333334 0.053921874999999994
