39 0.9367343749999999 0.4459882352941176 0.12653125 0.24741176470588236
10 0.5434687500000001 0.5862705882352942 0.07856250000000001 0.2940470588235294
10 0.6469296874999999 0.6311764705882352 0.13995312499999998 0.37849411764705887
12 0.0780546875 0.7266117647058823 0.156109375 0.3936941176470588
15 0.694625 0.6440588235294118 0.21978124999999998 0.2832705882352941
13 0.09814062500000001 0.5555529411764707 0.0223125 0.04498823529411765
35 0.308 0.7216588235294117 0.06840625 0.030141176470588237
9 0.20925000000000002 0.7446470588235294 0.06321875 0.024023529411764707
4 0.7406640625 0.5104823529411765 0.041765625 0.02124705882352941
4 0.7446406250000002 0.4970823529411765 0.035625000000000004 0.018729411764705883
4 0.245171875 0.7752000000000001 0.17856250000000004 0.09138823529411766
