12 0.37821875 0.6447499999999999 0.75 0.6895
9 0.68296875 0.47783333333333333 0.03253125 0.014083333333333331
32 0.4597578125 0.6849270833333333 0.710609375 0.6073125
32 0.3579453125 0.43515625 0.4349843749999999 0.48331250000000003
32 0.35462499999999997 0.22464583333333332 0.31178125 0.44604166666666667
32 0.6842578125 0.46549999999999997 0.270515625 0.5480416666666666
25 0.5865156250000001 0.6490625 0.31684375 0.4
25 0.48455468749999997 0.4707812499999999 0.217421875 0.2763958333333333
0 0.9128984375000002 0.46123958333333326 0.173140625 0.23377083333333332
13 0.0145703125 0.2500104166666667 0.028265625000000003 0.054645833333333324
10 0.19406250000000003 0.14878125 0.04521875 0.13052083333333334
15 0.0355078125 0.27390625 0.071015625 0.14339583333333333
39 0.7065234375 0.031822916666666666 0.184171875 0.06139583333333334
35 0.6526249999999999 0.15816666666666668 0.020624999999999994 0.01175
35 0.6334765625 0.15881250000000002 0.034359375 0.0125
32 0.1705752212389381 0.10707964601769912 0.006637168141592938 0.0017699115044247727
