39 0.9124900000000001 0.4230133333333333 0.17502000000000004 0.37013333333333337
5 0.6869600000000001 0.3104 0.05404 0.20442666666666665
13 0.6509100000000001 0.5344666666666666 0.08410000000000001 0.1292
35 0.71809 0.53516 0.08586 0.06472
21 0.84996 0.7112666666666666 0.29912 0.34397333333333335
4 0.42308999999999997 0.3550266666666667 0.13294 0.11346666666666666
4 0.33454999999999996 0.4512266666666666 0.14909999999999998 0.09797333333333334
0 0.20942 0.7829999999999999 0.25672 0.28818666666666665
10 0.69545 0.9532533333333332 0.15194 0.062346666666666654
4 0.43479 0.3877333333333333 0.12902000000000002 0.07962666666666667
