39 0.23557812500000005 0.4285729166666667 0.0863125 0.1038125
12 0.14839062499999997 0.60921875 0.2741875 0.25806250000000003
12 0.7459531250000001 0.7381145833333334 0.50053125 0.3498958333333333
10 0.3033046875 0.7702395833333334 0.215421875 0.14360416666666667
12 0.9119375 0.5496562500000001 0.176125 0.11777083333333334
15 0.29216406250000004 0.9172604166666666 0.5843281250000001 0.1654791666666667
13 0.24045312500000002 0.8155520833333334 0.07328124999999999 0.06802083333333334
10 0.7311093750000001 0.91940625 0.1389375 0.1611875
10 0.051617187499999995 0.7753229166666666 0.095453125 0.11689583333333334
4 0.6504843749999999 0.5961145833333333 0.036843749999999995 0.02372916666666667
63 0.1580625 0.9674270833333333 0.073 0.06514583333333333
