39 0.432359375 0.4847083333333334 0.12 0.10354166666666668
10 0.7560703125 0.9011354166666666 0.169359375 0.19772916666666662
10 0.8803671874999999 0.8135208333333334 0.23498437499999997 0.3412083333333334
15 0.9368046875 0.7775729166666667 0.12457812500000001 0.2111041666666667
32 0.9605000000000001 0.6032708333333333 0.079 0.15575
20 0.4118125000000001 0.7199479166666667 0.0980625 0.1539375
13 0.954203125 0.6800833333333333 0.04203125 0.06316666666666666
0 0.5456953124999999 0.9032916666666666 0.13314062499999998 0.185625
13 0.9753281249999999 0.7683541666666668 0.04934375 0.08429166666666667
13 0.34429687499999995 0.5495000000000001 0.0163125 0.019166666666666665
12 0.6441015625 0.7554375 0.569296875 0.37825000000000003
