39 0.488375 0.40525609756097564 0.35459375000000004 0.3250975609756097
39 0.846015625 0.3278414634146341 0.27078125000000003 0.6020731707317073
10 0.5065468750000001 0.8797560975609755 0.41100000000000003 0.24048780487804877
39 0.9145625 0.6369024390243903 0.15484375 0.19868292682926827
9 0.8034375 0.7799146341463415 0.053468749999999995 0.06685365853658537
25 0.1491953125 0.6339878048780488 0.294734375 0.4296341463414634
28 0.7520859375 0.7106219512195122 0.052640624999999996 0.06373170731707317
21 0.50359375 0.7357926829268294 0.3369375 0.14329268292682926
39 0.1295625 0.5657317073170732 0.253375 0.2899024390243902
21 0.05267187500000001 0.9409146341463415 0.10321875 0.11817073170731708
4 0.10069531250000001 0.7363048780487804 0.098078125 0.09017073170731708
