39 0.39200781250000005 0.27745833333333336 0.22732812500000002 0.2495
9 0.23964843750000003 0.5959062499999999 0.063890625 0.06097916666666667
25 0.3443359375 0.44248958333333344 0.21560937500000002 0.2561041666666667
28 0.50940625 0.40438541666666666 0.04596875000000001 0.025812500000000002
4 0.61421875 0.38844791666666667 0.09678125 0.0546875
13 0.1505625 0.48490625000000004 0.048406250000000005 0.10389583333333333
4 0.12077343749999998 0.43918749999999995 0.197640625 0.137375
10 0.6648359374999999 0.8350833333333334 0.389421875 0.2964583333333334
39 0.28373437500000004 0.4361354166666666 0.0881875 0.24760416666666665
35 0.5153593750000001 0.36696875000000007 0.06525 0.04122916666666667
21 0.53196875 0.32061458333333337 0.06146875 0.04935416666666667
21 0.35039843750000005 0.5059479166666666 0.089234375 0.08456250000000001
9 0.0998828125 0.6201250000000001 0.068453125 0.04916666666666667
