39 0.32762500000000006 0.5400757575757575 0.09112499999999998 0.13111111111111112
10 0.6220078125 0.2783964646464646 0.062859375 0.16123737373737373
2 0.3960859375 0.2690530303030303 0.129015625 0.1972979797979798
55 0.7211484375 0.21373737373737378 0.026421874999999997 0.028585858585858586
45 0.7406874999999999 0.35359848484848483 0.13796875 0.09234848484848485
10 0.4545703125 0.6702272727272727 0.069078125 0.14196969696969697
55 0.734203125 0.20261363636363636 0.0371875 0.04941919191919192
15 0.5707890624999999 0.6580176767676769 0.131359375 0.1841161616161616
4 0.758734375 0.594040404040404 0.008125 0.05434343434343434
4 0.803046875 0.6089015151515152 0.00409375 0.03224747474747475
20 0.2304375 0.561060606060606 0.09812499999999998 0.0548989898989899
13 0.5510859375 0.5827146464646464 0.015859375000000002 0.015782828282828284
13 0.5374687499999999 0.5489898989898989 0.03134375 0.0596969696969697
