47 0.6456875000000001 0.38880208333333344 0.026125 0.036520833333333336
10 0.5101171875000001 0.5041666666666668 0.056734375000000004 0.15041666666666667
10 0.47732812499999994 0.48570833333333324 0.0463125 0.14229166666666665
10 0.5767500000000001 0.49241666666666667 0.06509374999999999 0.13445833333333335
12 0.2 0.7248749999999999 0.3903125 0.5204166666666666
10 0.6067421875000001 0.479 0.024390625 0.128875
25 0.47262499999999996 0.6313333333333334 0.11043750000000001 0.07966666666666668
4 0.42591406249999997 0.6825312500000001 0.10498437499999999 0.06772916666666666
40 0.6515859375 0.3996770833333333 0.015421874999999998 0.0225625
46 0.879921875 0.4914166666666667 0.03484375 0.12325
4 0.159046875 0.73034375 0.08878125 0.05789583333333334
4 0.1639453125 0.7476145833333334 0.06979687500000001 0.05822916666666666
40 0.5410078125000001 0.42852083333333335 0.008453125 0.01608333333333333
40 0.35960156249999997 0.5127708333333334 0.018765625 0.023208333333333334
10 0.48264843749999997 0.42360416666666667 0.018578125 0.029875
10 0.5535781249999999 0.4474270833333333 0.03715625 0.07972916666666667
15 0.5310390625 0.494625 0.129015625 0.14354166666666668
34 0.9042421875000001 0.4443645833333333 0.042609375 0.2747708333333333
