12 0.07886718749999998 0.9179039812646369 0.15714062499999998 0.164192037470726
34 0.49317187500000004 0.5919203747072599 0.10028125000000002 0.2718032786885246
10 0.6917734375000001 0.8620491803278688 0.165265625 0.2721077283372365
10 0.8392578125 0.8591100702576113 0.160234375 0.2817798594847775
10 0.1262734375 0.7395667447306791 0.136953125 0.2554332552693208
15 0.7007734375 0.7182201405152226 0.329109375 0.10510538641686183
46 0.4136015625 0.6505620608899298 0.066765625 0.16491803278688524
43 0.48229687500000007 0.43357142857142855 0.0693125 0.0548711943793911
13 0.590921875 0.6864871194379392 0.0191875 0.04852459016393442
10 0.647640625 0.6555269320843091 0.08390625 0.0589695550351288
44 0.6434453125 0.5555269320843091 0.042359375 0.009836065573770493
5 0.25490625 0.539367681498829 0.01125 0.05714285714285714
5 0.2781640625 0.5577751756440281 0.011484375 0.02370023419203747
4 0.6012968750000001 0.41440281030444964 0.00403125 0.03049180327868852
