10 0.22403906250000002 0.8171250000000001 0.19432812500000002 0.34045833333333336
15 0.1453984375 0.7599270833333334 0.290796875 0.27927083333333336
39 0.9880078125 0.31342708333333336 0.023984375 0.19235416666666666
13 0.6526093749999999 0.6459895833333335 0.03353125 0.06056249999999999
46 0.5967109374999999 0.7824687499999999 0.05701562499999999 0.3252291666666667
44 0.8065859375000001 0.8074270833333334 0.27532812500000003 0.1486458333333333
43 0.97246875 0.3061041666666667 0.05506249999999999 0.31995833333333334
52 0.9069843749999998 0.9388541666666665 0.04865625 0.12229166666666667
10 0.1502109375 0.5478958333333334 0.191640625 0.1627916666666667
10 0.0587109375 0.9029166666666667 0.117421875 0.19416666666666668
19 0.830734375 0.7262604166666666 0.10200000000000001 0.020520833333333332
40 0.37196874999999996 0.4488958333333333 0.01296875 0.0455
