39 0.50309375 0.3393333333333334 0.3016875 0.36854166666666666
5 0.115 0.44055208333333334 0.07603125 0.1998541666666667
13 0.29779687499999996 0.5040104166666667 0.05815625 0.14172916666666666
13 0.8772578124999998 0.2572083333333333 0.038015625 0.06441666666666666
25 0.8753828124999999 0.4860104166666666 0.24923437499999998 0.4318958333333333
25 0.26490625 0.3618333333333334 0.217375 0.30850000000000005
35 0.10045312499999999 0.5677500000000001 0.07009375 0.05020833333333333
21 0.47653125 0.5886666666666667 0.353 0.1527916666666667
21 0.9011250000000001 0.5595416666666666 0.19775 0.16629166666666662
28 0.7098749999999999 0.6149687500000001 0.04084375 0.0666875
21 0.27325000000000005 0.43194791666666665 0.15778125 0.07485416666666667
10 0.39253125 0.8558437499999999 0.67596875 0.25714583333333335
39 0.9225156250000001 0.42071875 0.15496875000000002 0.2965625
9 0.060523437500000006 0.42069791666666667 0.04664062500000001 0.08027083333333333
