39 0.52293 0.22785333333333335 0.13326 0.17767999999999998
51 0.8570300000000002 0.4302533333333334 0.10782 0.24248000000000006
10 0.7249 0.7349333333333334 0.37028 0.47872
28 0.78229 0.44656 0.0305 0.03872
28 0.44626000000000005 0.41670666666666667 0.043280000000000006 0.026426666666666668
21 0.6419999999999999 0.4404799999999999 0.20724 0.07413333333333333
13 0.3357 0.4592666666666667 0.03712 0.08189333333333333
4 0.27418 0.9646799999999999 0.15996000000000002 0.07064
4 0.41028 0.38870666666666664 0.11256000000000001 0.047760000000000004
4 0.53732 0.35878666666666675 0.07192 0.022266666666666667
39 0.71281 0.2375866666666667 0.2137 0.21602666666666667
25 0.40513999999999994 0.36684 0.12308 0.08354666666666667
