5 0.775 0.5720399999999999 0.09192 0.5032266666666667
5 0.47572999999999993 0.07385333333333334 0.05866 0.1476
9 0.24625 0.03804 0.09086 0.06808
25 0.27387999999999996 0.3236 0.359 0.6157333333333334
28 0.26881 0.6912266666666667 0.12798 0.10021333333333332
35 0.28845000000000004 0.07641333333333333 0.13822 0.06792
54 0.68174 0.65056 0.1264 0.33482666666666666
10 0.041530000000000004 0.7408266666666665 0.08306000000000001 0.16832
12 0.75062 0.47618666666666654 0.49876 0.9474133333333331
47 0.06404 0.16965333333333332 0.12472 0.33482666666666666
4 0.92838 0.133 0.1272 0.09570666666666666
13 0.7122299999999998 0.5780000000000001 0.21214 0.53168
