32 0.64634 0.53976 0.41292 0.5146133333333333
13 0.03412 0.6997066666666666 0.06824 0.12853333333333333
28 0.46052000000000004 0.5865466666666665 0.054200000000000005 0.05160000000000001
21 0.60586 0.74112 0.28056 0.20464
59 0.33555 0.3845466666666667 0.12333999999999999 0.1330933333333333
0 0.96232 0.8222799999999998 0.07536 0.17010666666666666
9 0.58601 0.8735066666666667 0.0577 0.08573333333333333
34 0.38511 0.28989333333333334 0.42978 0.5797866666666667
4 0.45928 0.6307466666666667 0.12548 0.10768000000000001
5 0.5291600000000001 0.8796933333333334 0.06444 0.14584
39 0.22306 0.5766133333333334 0.3526 0.47792
