9 0.51426 0.6907057057057057 0.07572 0.05534534534534535
13 0.93641 0.6358108108108109 0.056659999999999995 0.11198198198198198
21 0.61883 0.6696996996996996 0.17134 0.054774774774774763
4 0.49391999999999997 0.5807057057057057 0.11044000000000001 0.06699699699699699
4 0.47628 0.5988138138138139 0.07936 0.06837837837837837
55 0.80682 0.060420420420420416 0.05411999999999999 0.07795795795795796
10 0.9422499999999999 0.8516816816816817 0.1155 0.29663663663663664
25 0.1245 0.6509159159159159 0.249 0.18693693693693697
28 0.7335200000000001 0.6702702702702703 0.04412 0.037237237237237236
28 0.82364 0.6774174174174173 0.03696 0.05165165165165165
39 0.47349 0.40755255255255257 0.25322 0.28903903903903905
39 0.69722 0.4270720720720721 0.19772 0.25780780780780777
