39 0.093109375 0.5813967136150233 0.18396875 0.28274647887323945
12 0.8328125 0.7978521126760563 0.334375 0.38330985915492954
10 0.8456015625000001 0.6137323943661971 0.07714062499999999 0.12446009389671361
10 0.8736093749999999 0.5333802816901408 0.04334374999999999 0.04577464788732395
15 0.9090078125 0.5971596244131456 0.181984375 0.11676056338028169
25 0.665625 0.6839671361502347 0.11118749999999998 0.14220657276995305
40 0.9716171875 0.5379812206572769 0.014734375 0.04938967136150234
40 0.8298750000000001 0.4681220657276996 0.02084375 0.05389671361502348
13 0.8976640625000002 0.5613732394366197 0.020421875 0.027582159624413145
13 0.9376328125000001 0.5549295774647888 0.009609375 0.023661971830985916
13 0.6920234375000001 0.6763028169014084 0.019296874999999998 0.04232394366197183
10 0.6066796875 0.6853638497652582 0.21023437500000003 0.3120422535211268
4 0.120984375 0.8293075117370893 0.06475 0.07997652582159624
40 0.9488828125000001 0.5374765258215962 0.014609375 0.05053990610328639
47 0.545375 0.5264084507042254 0.03515625 0.1547417840375587
40 0.10850000000000001 0.32617370892018777 0.0356875 0.062347417840375584
40 0.039218750000000004 0.32399061032863846 0.039218750000000004 0.06572769953051644
13 0.4283828125 0.3444366197183099 0.019453124999999998 0.03408450704225352
13 0.15164843749999998 0.32769953051643197 0.031046875 0.05976525821596244
