2 0.49654687499999994 0.7556583629893239 0.333 0.4604982206405694
9 0.96215625 0.9066370106761567 0.01690625 0.03533807829181494
25 0.8371796874999999 0.8045017793594306 0.121359375 0.2561921708185053
4 0.7251953125 0.14718861209964412 0.029609375 0.03373665480427047
4 0.7216953125000001 0.09094306049822064 0.028796875000000003 0.005871886120996441
4 0.36247656250000004 0.3833807829181495 0.012890625 0.007259786476868328
4 0.043125 0.8312989323843416 0.048093750000000005 0.08508896797153025
4 0.7215156250000001 0.11322064056939501 0.029249999999999998 0.04067615658362989
4 0.1287734375 0.8667793594306049 0.067265625 0.0904982206405694
4 0.7816796874999998 0.12747330960854092 0.031859375 0.022419928825622774
10 0.293296875 0.48090747330960854 0.01740625 0.06957295373665481
4 0.701515625 0.7819395017793593 0.010593750000000002 0.1301423487544484
4 0.68990625 0.1509964412811388 0.030093750000000002 0.020071174377224197
4 0.766703125 0.778540925266904 0.007375 0.09935943060498222
13 0.9432734375000001 0.7680427046263345 0.032828125 0.12391459074733097
12 0.287359375 0.683967971530249 0.1065 0.18544483985765126
4 0.7143593750000001 0.776814946619217 0.0215625 0.14430604982206405
4 0.7726796874999999 0.7816725978647686 0.008671874999999999 0.11067615658362989
