39 0.9352968749999999 0.2117625 0.12940625 0.263525
2 0.43399218749999996 0.8217875000000001 0.8623593749999999 0.32807499999999995
2 0.49607812500000004 0.5975375 0.2690625 0.32512500000000005
10 0.877109375 0.7719125 0.24578125 0.42922499999999997
10 0.13595312499999998 0.567375 0.041031250000000005 0.15315
10 0.2590234375 0.5085124999999999 0.038640625 0.046174999999999994
10 0.17047656249999998 0.5762125 0.065109375 0.16052499999999997
15 0.24707812499999995 0.5017 0.042749999999999996 0.014199999999999999
13 0.21815625 0.6011625 0.015531250000000002 0.046375
13 0.2674296875 0.616625 0.014390625 0.054450000000000005
10 0.294734375 0.5559875 0.04040625 0.13727499999999998
40 0.7320546874999999 0.44685 0.033796875 0.0796
20 0.9304453125 0.41473750000000004 0.139109375 0.172975
12 0.4988125 0.601125 0.277 0.3218
2 0.047835937499999995 0.6564000000000001 0.09567187499999999 0.16545
15 0.31075 0.49839999999999995 0.0636875 0.01145
13 0.23236718750000002 0.5963875000000001 0.014921875 0.043075
