10 0.83828125 0.7620616113744076 0.091625 0.15009478672985782
12 0.49310937499999996 0.7640165876777251 0.3211562499999999 0.2112085308056872
15 0.8087734375 0.6898222748815165 0.10332812499999999 0.04097156398104265
23 0.19682031249999998 0.5768838862559241 0.035578125 0.06746445497630331
35 0.559703125 0.8247630331753557 0.02 0.025545023696682462
43 0.21592968749999997 0.5793246445497631 0.097921875 0.10272511848341233
23 0.18896875 0.5509123222748815 0.016968749999999998 0.037417061611374404
23 0.19564062499999998 0.558127962085308 0.020749999999999998 0.04672985781990521
6 0.8127968750000001 0.6756161137440759 0.0296875 0.022938388625592415
4 0.4646328125 0.8498815165876776 0.05670312499999999 0.024123222748815166
4 0.4660859375 0.8653791469194313 0.057140625 0.023175355450236964
10 0.7697265625 0.7229383886255925 0.049546875000000004 0.12274881516587677
