5 0.409546875 0.5129078014184397 0.017875 0.12226950354609928
5 0.42139843750000006 0.5177836879432625 0.010203125 0.07117021276595745
2 0.2410546875 0.8086524822695036 0.477890625 0.3798581560283688
34 0.8515468749999999 0.6775177304964539 0.12475 0.5370921985815603
58 0.1896796875 0.4399113475177305 0.16017187500000002 0.14861702127659573
10 0.3939687499999999 0.8558510638297873 0.15434375 0.2719858156028369
13 0.5124218749999999 0.6760460992907801 0.014718749999999997 0.052234042553191494
23 0.544390625 0.7460638297872341 0.012875000000000001 0.03957446808510638
15 0.480234375 0.7271099290780143 0.24953125 0.14606382978723403
43 0.41905468749999997 0.6107092198581561 0.09523437500000002 0.13836879432624113
46 0.548921875 0.5725709219858156 0.0978125 0.1879787234042553
44 0.67209375 0.5571453900709219 0.094625 0.04039007092198581
23 0.766828125 0.5828191489361703 0.01609375 0.023652482269503547
11 0.5736249999999999 0.39574468085106385 0.034687499999999996 0.08843971631205674
10 0.517296875 0.6278900709219858 0.05462500000000001 0.07734042553191489
