39 0.5418203125000001 0.40490624999999997 0.10314062500000003 0.12335416666666667
15 0.322875 0.7719479166666667 0.52159375 0.45610416666666675
35 0.56134375 0.5085833333333333 0.028843750000000005 0.0125
10 0.47022656249999994 0.8191041666666666 0.286515625 0.3393333333333333
10 0.19466406249999998 0.8067395833333333 0.21067187499999998 0.3865208333333333
10 0.384984375 0.5439166666666666 0.07096875 0.073875
10 0.1479375 0.53803125 0.08837500000000001 0.08277083333333332
10 0.064046875 0.7606666666666666 0.10112499999999999 0.4022500000000001
10 0.7299296875 0.56009375 0.130171875 0.1671875
10 0.49213281249999996 0.5869583333333334 0.087640625 0.10112499999999999
40 0.20231250000000003 0.5461354166666667 0.03340625 0.09797916666666667
12 0.9458281249999999 0.5419479166666666 0.10834375 0.1645625
9 0.06879687500000001 0.45884375 0.01428125 0.03247916666666666
