39 0.18468 0.3231873111782477 0.09635999999999999 0.11356495468277947
34 0.8293600000000001 0.4468126888217523 0.29008 0.7370694864048339
10 0.20244 0.6567673716012085 0.19875999999999996 0.18670694864048337
10 0.94478 0.7914048338368582 0.11044000000000001 0.2061329305135952
10 0.59921 0.5624471299093655 0.21366 0.09444108761329308
15 0.54548 0.7390181268882174 0.70504 0.3004531722054381
13 0.33692 0.7554531722054381 0.1306 0.2566465256797583
43 0.38604 0.1494259818731118 0.16512000000000002 0.14157099697885195
46 0.37311999999999995 0.4672054380664652 0.21956 0.32419939577039275
20 0.7156999999999999 0.6389425981873113 0.15316 0.1385498489425982
20 0.4941 0.5966163141993958 0.11352000000000001 0.08537764350453174
5 0.27335 0.34638972809667673 0.01982 0.08123867069486405
5 0.23902 0.34577039274924476 0.01188 0.07921450151057402
5 0.24800999999999998 0.3405891238670694 0.00934 0.08305135951661631
4 0.042 0.7472960725075529 0.084 0.1011178247734139
