39 0.6671875 0.44977751756440276 0.14959375 0.20180327868852457
12 0.20861718749999997 0.8216978922716628 0.41082812499999993 0.3566042154566745
12 0.9640078124999999 0.8406674473067917 0.071984375 0.31866510538641685
15 0.5981171875 0.9376463700234193 0.310828125 0.1247072599531616
32 0.8051796874999999 0.6852224824355971 0.29485937500000003 0.6295550351288056
6 0.6659843750000001 0.5893676814988291 0.10709375000000002 0.082903981264637
50 0.6698984375000001 0.5630444964871194 0.032578125 0.0414519906323185
60 0.685390625 0.5880327868852459 0.034 0.029414519906323187
44 0.309296875 0.4943793911007026 0.1254375 0.05714285714285714
44 0.28609375 0.5612880562060889 0.13453125 0.0809367681498829
43 0.3337265625 0.14619437939110072 0.032546874999999996 0.15088992974238877
4 0.6349531249999999 0.797751756440281 0.1394375 0.30562060889929743
5 0.20772656250000002 0.606440281030445 0.029359375 0.08206088992974239
60 0.6487109375 0.5847423887587822 0.030328124999999997 0.024988290398126462
