39 0.39964062499999997 0.33401041666666664 0.1925 0.1642708333333333
12 0.6091796875 0.8169062500000002 0.632515625 0.3632708333333333
32 0.7551718749999999 0.62565625 0.136 0.08647916666666668
11 0.1201953125 0.16647916666666668 0.073640625 0.11833333333333335
25 0.72053125 0.63721875 0.07990625 0.10227083333333335
35 0.5360156250000001 0.6427395833333334 0.02890625 0.0274375
13 0.42841406249999997 0.6645208333333333 0.025515624999999997 0.0535
35 0.49491406250000003 0.645625 0.018515625 0.02
4 0.5347421875 0.6490416666666667 0.05270312499999999 0.044041666666666666
11 0.073734375 0.3136041666666667 0.01859375 0.039625
10 0.24545312500000002 0.6974062500000001 0.28440625 0.25193750000000004
10 0.5731953125 0.4594479166666667 0.092140625 0.17639583333333334
10 0.6610625 0.5438125 0.20209375000000002 0.16858333333333334
4 0.5370859375 0.66253125 0.067578125 0.03064583333333333
