47 0.21692187500000004 0.1842524509803921 0.17818750000000003 0.3651225490196078
12 0.7419921875 0.6659313725490196 0.516015625 0.668137254901961
15 0.32775 0.7952941176470588 0.5655 0.4094117647058823
32 0.8483984375 0.7185294117647057 0.254796875 0.5629411764705883
32 0.6869296875 0.609436274509804 0.40542187500000004 0.5146078431372549
32 0.6393906250000001 0.556875 0.20203125000000002 0.45875
32 0.41407031250000004 0.44997549019607846 0.243359375 0.4822058823529412
52 0.24219531249999998 0.656017156862745 0.031171875 0.11639705882352942
52 0.37120312499999997 0.7270588235294118 0.0345625 0.12436274509803923
35 0.16689843749999997 0.9056127450980392 0.032953125 0.11686274509803923
35 0.1996796875 0.9637499999999999 0.036171875 0.07044117647058823
4 0.32875 0.926311274509804 0.13078125000000002 0.1435049019607843
13 0.3292734375 0.6309803921568627 0.028171875000000002 0.07784313725490197
13 0.2080859375 0.7263235294117646 0.05045312500000001 0.05250000000000001
13 0.157234375 0.7678186274509804 0.04309375 0.10142156862745098
10 0.1417265625 0.5917524509803922 0.242296875 0.49835784313725495
10 0.4254140625 0.6356740196078431 0.128703125 0.15272058823529414
9 0.084078125 0.7714215686274509 0.051968749999999994 0.032058823529411765
40 0.27302343749999997 0.33490196078431367 0.037296875 0.062107843137254905
32 0.1309296875 0.526593137254902 0.197484375 0.42397058823529415
