39 0.7899479166666665 0.6443359375 0.10997916666666667 0.15423437499999998
2 0.5510520833333333 0.4977500000000001 0.5555625000000001 0.28153125
25 0.7894374999999999 0.7709453125 0.15575 0.11560937499999997
4 0.3196145833333333 0.8465312500000001 0.0855625 0.0685
4 0.29462499999999997 0.8413203125 0.10837500000000003 0.071859375
4 0.21335416666666668 0.8491093749999998 0.017249999999999998 0.051375000000000004
13 0.7119791666666667 0.6077109374999999 0.034958333333333334 0.023234374999999998
25 0.7442708333333333 0.6494453124999999 0.18291666666666667 0.154703125
21 0.6920104166666667 0.6646875 0.07710416666666667 0.09503124999999998
21 0.679125 0.784171875 0.06970833333333333 0.11421875
21 0.78246875 0.7827109375000001 0.0559375 0.07420312500000001
4 0.12051041666666666 0.8381562500000002 0.036562500000000005 0.06503125
4 0.05990625000000001 0.8102109375000001 0.11981250000000002 0.111015625
4 0.025947916666666668 0.7896484375000001 0.0498125 0.07564062499999999
10 0.35771875000000003 0.7508515625 0.26889583333333333 0.167390625
4 0.08492708333333333 0.8317265625 0.07902083333333333 0.071921875
4 0.15787500000000004 0.8395781250000001 0.04845833333333334 0.06703125
4 0.19156249999999997 0.8443359375 0.025500000000000002 0.060140625
