47 0.23616406250000005 0.4873943661971831 0.04520312499999999 0.14577464788732394
12 0.6756015624999999 0.5398239436619718 0.46464062500000003 0.31692488262910795
10 0.25606249999999997 0.6997065727699531 0.14953125 0.26678403755868546
10 0.16524999999999998 0.6581220657276995 0.09456250000000001 0.21676056338028168
10 0.34340625 0.5948004694835681 0.09634374999999999 0.25072769953051643
10 0.8721953124999999 0.7133685446009389 0.23526562499999998 0.3943896713615023
15 0.24132031250000005 0.5748474178403756 0.16498437500000002 0.12598591549295776
46 0.410203125 0.3923943661971831 0.05728124999999999 0.04488262910798122
4 0.658390625 0.5892370892018779 0.072375 0.05748826291079812
47 0.5302890625 0.2919366197183098 0.039109375 0.04936619718309859
39 0.0828125 0.39525821596244126 0.0743125 0.20643192488262907
46 0.32012500000000005 0.3968075117370892 0.02734375 0.03718309859154929
44 0.4916249999999999 0.36431924882629113 0.0244375 0.010328638497652582
34 0.33521874999999995 0.36073943661971825 0.06999999999999999 0.11579812206572768
10 0.2476875 0.5043544600938967 0.05659375 0.052699530516431926
40 0.24139062499999997 0.5325117370892019 0.03353125 0.060938967136150234
46 0.39784375000000005 0.3600469483568075 0.05575 0.05953051643192488
