15 0.5026640625000001 0.7177405857740585 0.9946718750000001 0.5645188284518828
6 0.4886547977724474 0.4577802774333845 0.312171875 0.24043933054393307
53 0.243359375 0.5764016736401674 0.20140625 0.1910041841004184
4 0.6904296875 0.7132426778242678 0.5133281249999999 0.2582426778242678
4 0.34407031250000003 0.8265899581589957 0.6109218750000001 0.32359832635983266
40 0.691 0.38202928870292896 0.13178125000000002 0.248744769874477
13 0.4843984375 0.26144351464435145 0.070984375 0.09138075313807531
9 0.24589843750000004 0.5529811715481171 0.036921875 0.02198744769874477
13 0.37354687499999994 0.27317991631799166 0.05290625 0.061297071129707115
10 0.0657734375 0.4589853556485356 0.09654687499999999 0.4355439330543933
