39 0.68497 0.18779359430604983 0.08546 0.16612099644128114
5 0.37120236562668213 0.3040785675474632 0.02060473125336527 0.12175144114474942
10 0.3592700000000001 0.6376868327402135 0.33422 0.6956583629893238
12 0.25082 0.266423487544484 0.3231200000000001 0.2505693950177936
25 0.44606 0.2988256227758007 0.10128 0.16633451957295375
35 0.54397 0.5397686832740213 0.05234000000000001 0.07825622775800711
4 0.56151 0.6616725978647686 0.14034 0.10583629893238433
4 0.11934999999999998 0.7146085409252669 0.1023 0.1707829181494662
4 0.5670499999999999 0.6203736654804272 0.1465 0.1213167259786477
40 0.14053000000000002 0.48137010676156583 0.061660000000000006 0.1112811387900356
32 0.48438 0.04944839857651245 0.03612 0.09818505338078291
6 0.8286099999999998 0.6629893238434164 0.062380000000000005 0.07679715302491102
47 0.13378 0.4534519572953737 0.08112 0.13537366548042704
43 0.92506 0.40754448398576515 0.10364 0.16619217081850535
4 0.53756 0.5592348754448399 0.10324 0.09526690391459075
4 0.5626 0.6934163701067615 0.13644 0.10626334519572954
6 0.87768 0.7338256227758008 0.08576 0.07576512455516014
6 0.8066 0.611797153024911 0.06795999999999999 0.05384341637010676
