5 0.11308 0.8151812688821752 0.07831999999999999 0.3183987915407855
32 0.24547 0.49888217522658607 0.47902 0.6471903323262839
13 0.7998100000000001 0.722084592145015 0.056659999999999995 0.13661631419939577
6 0.9099399999999999 0.678987915407855 0.17904 0.20558912386706946
67 0.6602600000000001 0.7081570996978851 0.10859999999999999 0.05389728096676737
13 0.19898 0.9320392749244713 0.07876000000000001 0.13592145015105742
6 0.44206999999999996 0.9531268882175229 0.27102 0.09374622356495468
10 0.44185 0.4878700906344411 0.05318 0.12335347432024169
10 0.57838 0.7132779456193353 0.13448 0.08848942598187311
12 0.07066 0.5083081570996979 0.13836 0.447190332326284
47 0.6209 0.2795317220543807 0.30336 0.4537462235649547
15 0.49874 0.7815407854984895 0.99748 0.4166767371601208
4 0.7758900000000001 0.8682024169184289 0.19238 0.1304833836858006
39 0.14097 0.32406344410876137 0.07726000000000001 0.1191842900302115
47 0.8889999999999999 0.41913897280966766 0.222 0.3063746223564955
32 0.7348600000000001 0.5267975830815711 0.18708000000000002 0.37293051359516616
67 0.20035999999999998 0.7901963746223565 0.11384 0.08208459214501511
