39 0.5662890625000001 0.32921875 0.131453125 0.11910416666666666
10 0.45310937500000004 0.4681666666666666 0.116875 0.15895833333333334
15 0.46622656250000005 0.65528125 0.37432812500000007 0.2993125
13 0.6836015624999999 0.43414583333333334 0.013984374999999999 0.025833333333333333
25 0.1536328125 0.611125 0.11379687499999999 0.13245833333333332
35 0.5081875000000001 0.5950729166666666 0.03575 0.028979166666666667
4 0.27642968749999997 0.49623958333333335 0.047546875 0.025395833333333333
4 0.420390625 0.52503125 0.05746875 0.0326875
6 0.45479687500000004 0.575875 0.030875000000000003 0.022458333333333337
10 0.8124140625000001 0.5162291666666667 0.201484375 0.3125833333333333
46 0.919765625 0.7590104166666666 0.16046875 0.4729791666666667
4 0.27646875000000004 0.50771875 0.04965625 0.019187500000000003
12 0.22471875 0.77684375 0.44643750000000004 0.4463125
47 0.787984375 0.5805208333333334 0.17728124999999997 0.8130000000000002
