39 0.694296875 0.3933995327102804 0.24646875000000001 0.28764018691588783
5 0.5484375 0.5132943925233645 0.048562499999999995 0.26088785046728974
9 0.2329375 0.9050584112149532 0.09618750000000001 0.13259345794392524
25 0.3944921875 0.5739836448598131 0.3621718749999999 0.43787383177570094
4 0.4789687500000001 0.824322429906542 0.3404062500000001 0.1914485981308411
10 0.6721015625 0.7422196261682243 0.342265625 0.5155607476635514
35 0.548796875 0.5634813084112149 0.10500000000000002 0.08098130841121494
10 0.1378828125 0.5123714953271028 0.16598437500000002 0.11848130841121496
15 0.42232031249999996 0.7526051401869159 0.8446406249999999 0.46876168224299064
4 0.10081250000000001 0.687161214953271 0.1606875 0.1158177570093458
