39 0.8945234375 0.5221611001964637 0.11642187500000001 0.5484479371316306
10 0.028617187500000002 0.7294499017681727 0.056734375000000004 0.23383104125736737
32 0.2966796875 0.5415717092337918 0.5683281250000001 0.8629076620825148
13 0.528078125 0.9436738703339883 0.09668750000000001 0.11265225933202357
13 0.8782499999999999 0.8836935166994105 0.0978125 0.16844793713163064
28 0.64090625 0.9041453831041256 0.12434375000000002 0.055992141453831044
21 0.5716328125000001 0.8113555992141452 0.176296875 0.16758349705304518
4 0.8827265624999999 0.718369351669941 0.204734375 0.02931237721021611
20 0.8897812500000001 0.5273575638506877 0.20790625000000001 0.17530451866404717
9 0.7288203125 0.9649410609037328 0.05882812499999999 0.03345776031434185
4 0.8891953125000001 0.6104125736738703 0.22160937500000003 0.15222003929273084
4 0.6673359375 0.6823379174852653 0.173484375 0.07980353634577603
4 0.7034218750000001 0.7370432220039292 0.08931249999999999 0.019705304518664046
4 0.6693124999999999 0.6491748526522594 0.17803125 0.06671905697445972
9 0.4552421875 0.9826620825147349 0.07082812499999999 0.02756385068762279
