39 0.22547656249999995 0.233 0.34357812499999996 0.466
9 0.64796875 0.6180625 0.04671875 0.10462500000000001
9 0.860765625 0.73403125 0.0589375 0.048854166666666664
9 0.9043671875 0.7344583333333335 0.047171875 0.04741666666666667
28 0.7392265624999999 0.72990625 0.094671875 0.0603125
21 0.50309375 0.8438229166666666 0.47021875 0.2763958333333333
21 0.8636562499999999 0.5488333333333334 0.20615624999999999 0.06283333333333334
35 0.33817187499999996 0.7397812500000002 0.12778125 0.05485416666666667
4 0.9241015625000002 0.19704166666666667 0.068140625 0.142875
11 0.22425781250000004 0.6190208333333335 0.030984374999999998 0.041291666666666664
54 0.0780546875 0.6433333333333334 0.057671875 0.056958333333333326
54 0.0692734375 0.5488020833333334 0.071546875 0.1323125
13 0.5255078125000001 0.6482291666666667 0.07079687500000001 0.16108333333333336
25 0.8659765624999999 0.48115625 0.247703125 0.3145625
39 0.5341796875 0.27475 0.279296875 0.36979166666666674
4 0.8138124999999999 0.20782291666666666 0.17609375 0.15864583333333335
11 0.63409375 0.3994895833333333 0.007000000000000001 0.0053125
