39 0.08852343750000001 0.5104694835680751 0.11373437500000001 0.4275586854460094
10 0.7924062500000001 0.7397065727699531 0.16390625 0.4662676056338028
12 0.3634765625 0.3136971830985915 0.22354687499999998 0.17035211267605632
0 0.9093359375 0.6625704225352113 0.181328125 0.30974178403755864
15 0.8912109375 0.7791901408450704 0.217578125 0.3988028169014084
4 0.9156328125000001 0.3346009389671361 0.047140625000000005 0.022300469483568074
4 0.912453125 0.3461619718309859 0.05359375 0.029037558685446007
40 0.613453125 0.2926760563380282 0.031468750000000004 0.08948356807511736
10 0.9706796874999999 0.5215140845070423 0.058640625 0.07852112676056339
10 0.7005390625000001 0.40679577464788735 0.170078125 0.29950704225352115
4 0.8985 0.36590375586854457 0.035625000000000004 0.021056338028169017
4 0.9307109375 0.3821361502347418 0.036546875 0.03981220657276995
