39 0.74441 0.38885333333333333 0.31418 0.3829866666666667
25 0.44579 0.6876399999999999 0.34214 0.36402666666666667
28 0.80148 0.8787066666666666 0.06724 0.06946666666666666
35 0.8719899999999999 0.8860799999999999 0.05794 0.09205333333333336
35 0.9281699999999999 0.9055333333333334 0.05682 0.10237333333333334
21 0.48507000000000006 0.9135066666666668 0.49718 0.10215999999999999
0 0.07679000000000001 0.58252 0.15258000000000002 0.35602666666666666
25 0.17528 0.13753333333333334 0.18203999999999998 0.13709333333333332
10 0.10089000000000001 0.8422666666666666 0.20178000000000001 0.3154666666666667
12 0.10325 0.83636 0.2065 0.32728
