39 0.7424140625000001 0.3831458333333334 0.18707812500000004 0.1955
10 0.82640625 0.7918333333333333 0.3471875 0.403375
10 0.49946093750000004 0.6551666666666667 0.145484375 0.2823333333333334
12 0.1241953125 0.8526874999999999 0.248390625 0.273125
25 0.3499062499999999 0.7334479166666666 0.1761875 0.22010416666666668
35 0.2800859375 0.7525416666666668 0.034546875 0.03125
9 0.41053906250000005 0.8341458333333333 0.045984375 0.02183333333333333
4 0.37122656249999997 0.46569791666666666 0.049296875 0.019395833333333334
4 0.37371874999999993 0.47860416666666666 0.05825 0.012416666666666666
11 0.34727343749999995 0.14261458333333332 0.062859375 0.09243749999999999
40 0.369203125 0.42331250000000004 0.0391875 0.078375
4 0.372234375 0.20320833333333332 0.042562499999999996 0.025291666666666667
4 0.3230078125 0.21283333333333332 0.048359375 0.01120833333333333
