5 0.36515625 0.3916250000000001 0.01828125 0.06383333333333334
10 0.1852890625 0.6525729166666666 0.11260937499999998 0.2336875
10 0.17294531249999998 0.78125 0.15517187500000001 0.30604166666666666
15 0.08227343749999999 0.6843333333333332 0.16360937499999997 0.26833333333333337
15 0.618625 0.8916458333333334 0.21484375 0.21099999999999997
13 0.44252343749999995 0.6735416666666667 0.040265625 0.038875
23 0.4808046875 0.5421145833333333 0.020390625000000006 0.042145833333333334
6 0.4424375 0.6737083333333332 0.0396875 0.037000000000000005
28 0.29639843749999994 0.6814999999999999 0.031421875 0.01608333333333333
21 0.2653671875 0.6627083333333332 0.053296875 0.03791666666666667
43 0.5671875 0.39622916666666663 0.17325 0.24229166666666666
46 0.45391406250000005 0.8510416666666666 0.13314062499999998 0.29791666666666666
5 0.2881796875 0.48176041666666675 0.050671875000000005 0.10197916666666668
4 0.398375 0.4077499999999999 0.05071875000000001 0.05883333333333333
23 0.4770703125 0.5686145833333334 0.014640624999999997 0.013729166666666666
23 0.4674375 0.540125 0.023125 0.04375
23 0.480125 0.5913020833333335 0.008687499999999999 0.0204375
23 0.4760546875 0.5912395833333333 0.004578125000000001 0.020895833333333332
