9 0.18505468749999998 0.7612604166666668 0.084328125 0.10735416666666668
10 0.6045546875000001 0.13766666666666666 0.11264062500000001 0.2673333333333333
32 0.7427656250000001 0.5091770833333333 0.51446875 0.9816458333333332
32 0.9508437500000001 0.15955208333333332 0.09831249999999998 0.31460416666666663
25 0.43146093750000003 0.7382083333333334 0.44157812500000004 0.40674999999999994
28 0.07421875 0.8459166666666667 0.06693750000000001 0.09233333333333334
32 0.8858203124999998 0.031468750000000004 0.124203125 0.06293750000000001
13 0.183234375 0.3930625 0.36646875 0.7675833333333333
10 0.19954687499999998 0.54284375 0.26996875 0.3091041666666667
10 0.702046875 0.19320833333333332 0.025500000000000002 0.15670833333333334
10 0.74759375 0.9296666666666666 0.0443125 0.08375
15 0.3693359375 0.8298854166666666 0.738671875 0.3402291666666667
