39 0.8829453125000001 0.3607916666666667 0.060203125 0.13983333333333334
12 0.7612890625 0.7311875000000001 0.477421875 0.537625
12 0.15081250000000002 0.58709375 0.27903125 0.3656041666666667
10 0.42809374999999994 0.49924999999999997 0.09175000000000001 0.24229166666666666
10 0.5367500000000001 0.4656666666666666 0.06278125 0.19741666666666668
10 0.35524218750000003 0.4744791666666666 0.19485937499999997 0.23108333333333334
15 0.42524218750000004 0.49282291666666667 0.269140625 0.20093750000000005
34 0.658984375 0.36067708333333326 0.12471874999999999 0.31685416666666666
9 0.35275 0.7584166666666667 0.039281250000000004 0.029416666666666664
44 0.7631875000000001 0.34710416666666666 0.08149999999999999 0.007625000000000001
4 0.083109375 0.6987812500000001 0.056999999999999995 0.04156249999999999
4 0.1496171875 0.6883645833333334 0.07864062499999999 0.0411875
10 0.5653046874999998 0.41653125 0.029203125000000007 0.11910416666666666
