10 0.7296015625 0.4560751565762004 0.11998437499999999 0.25979123173277663
12 0.5796718750000001 0.7827974947807934 0.84065625 0.4344050104384134
32 0.757796875 0.3867014613778706 0.125 0.3448434237995825
4 0.97684375 0.2367223382045929 0.0463125 0.11081419624217119
4 0.9850703125 0.24591858037578287 0.029859375 0.0869937369519833
4 0.9656718750000001 0.23068893528183715 0.0465625 0.12146137787056369
4 0.9408437500000001 0.2295511482254697 0.01884375 0.11939457202505219
4 0.9466640624999999 0.2274634655532359 0.022046875 0.12624217118997913
10 0.7886093750000001 0.3267014613778706 0.0145625 0.05373695198329854
10 0.8146562499999999 0.3117014613778706 0.00646875 0.03242171189979123
15 0.7934609375000001 0.3819415448851774 0.047328125 0.03678496868475992
35 0.44225781250000007 0.7456263048016701 0.086796875 0.031461377870563675
35 0.30877343749999997 0.7308768267223382 0.042546875000000005 0.04471816283924844
4 0.980359375 0.2384133611691023 0.039281250000000004 0.10947807933194154
39 0.08048437500000002 0.5741962421711899 0.08075000000000002 0.13473903966597078
13 0.559953125 0.6866805845511484 0.032875 0.06396659707724427
