25 0.4888515625 0.6658588235294117 0.26954687499999996 0.22268235294117647
28 0.3199375 0.711035294117647 0.0394375 0.04517647058823529
10 0.5234296875000001 0.526964705882353 0.152796875 0.058258823529411766
21 0.5472734375 0.4977058823529411 0.143828125 0.04661176470588235
4 0.7040234375000002 0.6128470588235294 0.11673437499999999 0.0980235294117647
4 0.774171875 0.13738823529411764 0.07778125 0.15990588235294118
4 0.7521640625 0.34475294117647054 0.06917187500000001 0.17110588235294116
39 0.35961718750000005 0.40170588235294113 0.11510937500000001 0.16218823529411763
4 0.734046875 0.6819411764705883 0.017625 0.03310588235294118
4 0.7052343750000002 0.6805294117647058 0.013687499999999998 0.034047058823529416
13 0.27234375 0.739564705882353 0.05337499999999999 0.15743529411764706
4 0.4959900435921306 0.8274336992538252 0.19040376005917733 0.11150444504597233
