9 0.26165 0.7831733333333333 0.07781999999999999 0.047626666666666664
25 0.45887 0.48463999999999996 0.19878 0.23354666666666668
28 0.6826000000000001 0.6045733333333333 0.05779999999999999 0.037040000000000003
21 0.55399 0.6411200000000001 0.21062 0.09632
4 0.79182 0.6896533333333333 0.12912 0.09183999999999999
54 0.25797 0.5581200000000001 0.03318 0.06536
11 0.98057 0.59744 0.03886 0.08885333333333334
39 0.54983 0.4014933333333333 0.15258000000000002 0.17424
21 0.45634 0.5411866666666666 0.12940000000000002 0.05298666666666667
4 0.03686 0.7621466666666667 0.07372 0.12744
