10 0.1481171875 0.142 0.055453125000000006 0.11954166666666667
13 0.84121875 0.6261249999999999 0.11825000000000001 0.15766666666666668
63 0.5439218750000001 0.72184375 0.28040625 0.47522916666666665
43 0.7399140625 0.2029166666666667 0.4842968749999999 0.396875
4 0.14477343750000002 0.2217604166666667 0.136328125 0.06272916666666667
13 0.43469531249999993 0.3788125 0.092953125 0.06675
6 0.020320312500000003 0.2487604166666667 0.04064062500000001 0.1484375
40 0.9420937500000001 0.6557916666666667 0.11518750000000001 0.18183333333333335
5 0.8166796874999999 0.5056770833333334 0.034890624999999995 0.10214583333333334
15 0.0685 0.21998958333333335 0.137 0.21097916666666666
