39 0.6631874999999999 0.29368750000000005 0.20946875 0.2825416666666667
5 0.268578125 0.5987708333333334 0.04303124999999999 0.18470833333333336
12 0.3895156249999999 0.43118750000000006 0.0564375 0.23441666666666666
10 0.9403281250000001 0.8311875000000002 0.11612499999999999 0.31612500000000004
15 0.3389140625 0.7220729166666666 0.674296875 0.4272291666666666
32 0.1038828125 0.39639583333333334 0.207765625 0.4482083333333333
32 0.5094765625 0.63159375 0.291984375 0.7300208333333333
32 0.8225156250000001 0.3791875 0.20834374999999997 0.45483333333333337
32 0.8710859374999999 0.430375 0.255578125 0.8535833333333334
20 0.82415625 0.7757187499999999 0.12471874999999999 0.4112291666666666
13 0.11440625 0.6039791666666666 0.04878125 0.07920833333333334
47 0.597078125 0.4046875 0.10518749999999999 0.1981666666666667
35 0.160625 0.5945520833333334 0.027250000000000007 0.035062499999999996
4 0.26006250000000003 0.5971770833333334 0.1875 0.09264583333333333
5 0.7344140625 0.5438645833333333 0.028046875 0.09447916666666668
12 0.20053125000000002 0.45030208333333344 0.05425 0.24310416666666665
32 0.28353125 0.3511875 0.180875 0.4214583333333334
