5 0.47492968750000003 0.7606562500000001 0.021328125 0.0558125
5 0.46301562499999993 0.7845729166666667 0.0165625 0.056187499999999994
12 0.7838671875 0.8615833333333334 0.432265625 0.25533333333333336
10 0.07177343750000001 0.7372708333333334 0.137109375 0.26666666666666666
10 0.26278124999999997 0.6669375 0.10093749999999999 0.23962500000000003
5 0.48600781249999997 0.7855625 0.021078125 0.057041666666666664
34 0.8587031250000001 0.57865625 0.27471875 0.4516875
11 0.6957968750000001 0.34885416666666663 0.03465625 0.05083333333333333
46 0.711609375 0.6371041666666667 0.04375 0.20258333333333328
44 0.58159375 0.5203541666666668 0.12709375 0.013208333333333332
6 0.7549374999999999 0.35413541666666676 0.01278125 0.01964583333333333
43 0.7012968749999999 0.4935 0.04778124999999999 0.059041666666666666
4 0.2724140625 0.6247291666666667 0.026859375 0.022666666666666665
15 0.1155078125 0.6798958333333333 0.22629687499999998 0.21579166666666666
