12 0.5457578125000001 0.611 0.617328125 0.41770833333333335
12 0.8626640625 0.7907708333333333 0.27360937500000004 0.384125
34 0.37943750000000004 0.31925000000000003 0.1084375 0.3135833333333334
5 0.7932578125 0.27717708333333335 0.025328125 0.08402083333333334
10 0.057359375000000004 0.3569375 0.08303125 0.07470833333333333
10 0.07903125000000001 0.5144583333333332 0.14125000000000001 0.34754166666666664
43 0.4851015624999999 0.26969791666666665 0.08870312500000001 0.06527083333333333
15 0.03746875 0.42409375000000005 0.0749375 0.05627083333333334
35 0.35842968750000004 0.8116458333333334 0.08873437499999999 0.04454166666666667
35 0.41921093750000005 0.8076562499999999 0.05142187499999999 0.050145833333333334
6 0.36827343749999997 0.84271875 0.196703125 0.12381250000000002
