34 0.143328125 0.6330841121495326 0.28665625 0.7338317757009345
10 0.6505390624999999 0.6807943925233644 0.046703125 0.12859813084112148
10 0.694296875 0.6910046728971964 0.0390625 0.12359813084112149
15 0.7406875 0.578317757009346 0.12521875 0.0372429906542056
13 0.8028828124999999 0.6525467289719625 0.036890624999999996 0.04551401869158878
6 0.7134843749999998 0.56125 0.03459375 0.021471962616822427
46 0.38346875 0.6069742990654206 0.10231249999999999 0.07212616822429907
13 0.8382578124999999 0.8005257009345793 0.043640625 0.09623831775700933
37 0.8024062500000001 0.685502336448598 0.019125 0.03969626168224299
37 0.8180312500000001 0.6938551401869159 0.016625 0.02836448598130841
43 0.30554687500000005 0.4557242990654206 0.05828124999999999 0.08032710280373832
10 0.7068828125000001 0.6145677570093457 0.068515625 0.0897429906542056
15 0.6418203124999999 0.6510163551401869 0.063328125 0.16922897196261683
43 0.92875 0.849497663551402 0.1400625 0.2974065420560748
39 0.4302109375 0.5187616822429907 0.039171875 0.10593457943925234
