39 0.6476484375 0.4885542168674699 0.057515625 0.1416867469879518
2 0.4250625 0.7640662650602408 0.32565625 0.47186746987951805
4 0.3975937500000001 0.48373493975903614 0.0666875 0.08662650602409638
4 0.1877890625 0.8718373493975904 0.128328125 0.253433734939759
4 0.46306249999999993 0.5589457831325301 0.04346875 0.027650602409638552
10 0.6750078125000001 0.8126204819277107 0.078421875 0.3725903614457831
25 0.6999921874999999 0.5330421686746988 0.043765625 0.1280120481927711
28 0.7169218750000002 0.6148795180722892 0.01128125 0.030722891566265054
21 0.6523749999999999 0.6073493975903616 0.04865625 0.040120481927710845
4 0.8056250000000001 0.8104518072289157 0.010875 0.13295180722891567
11 0.6928671875000001 0.32123493975903616 0.014140625 0.06668674698795181
4 0.7973203125 0.9727710843373495 0.005609375 0.0544578313253012
4 0.787265625 0.9140963855421689 0.0166875 0.13277108433734938
4 0.7989296874999999 0.9360542168674699 0.020640625000000003 0.12451807228915664
