12 0.3756266666666667 0.49676999999999993 0.65376 0.27526
2 0.7621733333333333 0.5896899999999999 0.4724533333333333 0.31133999999999995
32 0.44194666666666665 0.23384999999999997 0.4224533333333333 0.46741999999999995
5 0.07446666666666667 0.39207000000000003 0.04013333333333333 0.07637999999999999
52 0.28454666666666667 0.37839000000000006 0.03357333333333333 0.05034000000000001
52 0.23773333333333338 0.37201 0.024906666666666667 0.0359
10 0.15270666666666666 0.40635999999999994 0.14541333333333334 0.0818
15 0.15958666666666668 0.41652 0.31693333333333334 0.0704
35 0.6448 0.29864 0.03525333333333334 0.019559999999999998
35 0.5441333333333334 0.19997 0.029226666666666668 0.044660000000000005
32 0.44794666666666666 0.75955 0.8958933333333333 0.48089999999999994
10 0.13613333333333333 0.36184 0.09066666666666666 0.03196
10 0.21453333333333333 0.5265 0.30565333333333333 0.22512000000000001
25 0.8462266666666668 0.49888999999999994 0.23570666666666668 0.11338
