34 0.3053125 0.5432394366197183 0.1274375 0.48582159624413146
32 0.2699921875 0.4966197183098591 0.539984375 0.9842723004694836
13 0.9924453125000001 0.8730751173708922 0.015109375000000001 0.1962910798122066
37 0.5108671875000002 0.6641314553990612 0.072359375 0.11009389671361502
6 0.6232109375 0.5728403755868544 0.18942187500000002 0.1732863849765258
63 0.6916640625000001 0.7800586854460093 0.360703125 0.315093896713615
15 0.5851907497948313 0.7308718176990727 0.820193722267816 0.5157681016910571
4 0.8899921875 0.6827699530516433 0.179484375 0.11685446009389672
6 0.6443593750000001 0.4701643192488263 0.15746875 0.08389671361502347
10 0.7516328125 0.4348356807511737 0.169015625 0.09661971830985915
