9 0.5787890625 0.664600938967136 0.042609375 0.06300469483568075
32 0.5958203125 0.553274647887324 0.21295312499999997 0.42194835680751175
32 0.5213203125 0.3984272300469483 0.569828125 0.7968544600938966
13 0.28375 0.8206807511737091 0.05559374999999999 0.1332394366197183
37 0.43435156250000007 0.9351408450704226 0.131390625 0.03201877934272301
4 0.16064843750000002 0.8530281690140845 0.175984375 0.10854460093896715
10 0.2471875 0.7576408450704225 0.19278125 0.08767605633802818
15 0.5007499999999999 0.8629225352112675 0.9984999999999999 0.24720657276995303
32 0.0702578125 0.5207511737089202 0.09276562499999999 0.10230046948356807
10 0.7971796875000001 0.6913145539906104 0.133671875 0.1352582159624413
9 0.389984375 0.09001173708920188 0.105125 0.08884976525821596
