47 0.3895390625 0.05984375000000001 0.089046875 0.11872916666666669
39 0.5953593750000001 0.2226875 0.13609374999999999 0.15258333333333332
5 0.5759687500000001 0.44587499999999997 0.02290625 0.09670833333333334
10 0.7111249999999998 0.42818749999999994 0.12959375 0.140375
12 0.8153203125 0.39505208333333336 0.369359375 0.28818750000000004
15 0.41558593749999995 0.7305833333333334 0.8241093749999999 0.5152916666666667
32 0.42640625 0.3550625 0.14156249999999998 0.43595833333333334
32 0.2763984375 0.46741666666666665 0.23932812499999997 0.409
32 0.16938281249999998 0.6359479166666666 0.335390625 0.6202291666666666
9 0.6202656250000002 0.4971875 0.05625 0.029500000000000002
13 0.7274218749999999 0.4675416666666667 0.0371875 0.06375
40 0.3995078124999999 0.0846875 0.029828125 0.06708333333333334
40 0.315203125 0.09891666666666665 0.04375 0.06133333333333334
5 0.5683593749999999 0.9180208333333334 0.04921875 0.16395833333333334
10 0.8530546875 0.8947708333333333 0.061765625000000005 0.101875
10 0.0202890625 0.47621875 0.040578125 0.10635416666666667
32 0.7698046875 0.7428645833333333 0.46039062499999994 0.4883125
32 0.8689453125 0.4010208333333333 0.21382812499999995 0.3434999999999999
