39 0.594515625 0.28589583333333335 0.11850000000000001 0.10533333333333333
10 0.40557812499999996 0.8036458333333333 0.18025 0.34550000000000003
10 0.175375 0.8038854166666667 0.18587499999999998 0.3081875
10 0.17984375 0.6705 0.13709375 0.16129166666666667
12 0.5826171875 0.5332604166666666 0.22532812500000002 0.11372916666666667
12 0.39189843750000003 0.6332604166666667 0.339578125 0.21672916666666667
15 0.2926015625 0.7578020833333333 0.311609375 0.3158541666666667
15 0.9031718749999998 0.8274583333333334 0.19365625 0.31220833333333337
35 0.533578125 0.5458749999999999 0.018312500000000002 0.011416666666666665
4 0.4541875 0.42184374999999996 0.007875 0.03714583333333333
4 0.44426562500000005 0.4233333333333333 0.08012499999999999 0.03991666666666667
10 0.95928125 0.5255624999999999 0.06825 0.07529166666666667
47 0.165296875 0.5444791666666666 0.0405625 0.04641666666666667
35 0.9577578125000001 0.7086354166666666 0.033078125 0.017687500000000002
10 0.418984375 0.6149479166666668 0.0783125 0.08077083333333332
25 0.877515625 0.43806249999999997 0.02065625 0.06541666666666666
25 0.8778984375000001 0.5020520833333333 0.060421875 0.04068750000000001
