5 0.47067187499999996 0.42005208333333327 0.019 0.0769375
5 0.0173828125 0.45721874999999995 0.034390625 0.19564583333333332
5 0.21749218750000002 0.528125 0.05467187500000001 0.13679166666666667
34 0.20134375000000002 0.7373541666666666 0.20134375000000002 0.35570833333333335
15 0.5 0.84459375 1.0 0.28827083333333337
32 0.3075859375 0.44831250000000006 0.217421875 0.8022500000000001
13 0.923296875 0.9640208333333332 0.15340625000000002 0.07195833333333333
13 0.761875 0.4051354166666667 0.01928125 0.04789583333333333
13 0.16845312499999998 0.5080208333333334 0.044125 0.053458333333333344
6 0.09538281249999998 0.5255624999999999 0.07029687500000001 0.03208333333333333
25 0.6168515625000001 0.8891979166666667 0.43145312500000005 0.1887708333333333
46 0.9025624999999999 0.5563958333333333 0.18621875000000002 0.28650000000000003
13 0.69715625 0.41369791666666667 0.01209375 0.028479166666666663
13 0.710203125 0.40918750000000004 0.015125 0.04058333333333333
37 0.9851093750000001 0.7687291666666667 0.02971875 0.06525
44 0.6106640625 0.44218749999999996 0.089734375 0.009708333333333334
4 0.025054687500000002 0.7109375 0.04792187500000001 0.15879166666666666
4 0.0585390625 0.7160104166666666 0.035328125 0.13222916666666668
6 0.0358515625 0.9203645833333333 0.06929687500000001 0.06485416666666667
5 0.6446718749999999 0.4082395833333333 0.012718750000000001 0.05660416666666667
