10 0.5899166666666666 0.8365468750000001 0.5970416666666666 0.32346875
15 0.4977604166666667 0.660578125 0.9955208333333334 0.3026875
25 0.8590729166666666 0.4954687499999999 0.24781250000000005 0.15940625
28 0.6806354166666666 0.5546484374999999 0.0636875 0.027203125000000005
21 0.5085833333333334 0.572921875 0.18791666666666668 0.05815625
21 0.8510625 0.5453359375 0.23816666666666667 0.059140625
13 0.37128125000000006 0.5040625 0.04702083333333333 0.07365625
39 0.5141979166666667 0.39899218750000004 0.35277083333333337 0.201796875
39 0.23797916666666666 0.428671875 0.23200000000000004 0.17837500000000003
21 0.11800000000000001 0.5759062499999998 0.23600000000000002 0.10115625
