39 0.9637734375 0.2544905213270142 0.065359375 0.14149289099526066
10 0.6286718749999999 0.45008293838862556 0.04653125 0.08229857819905212
10 0.8262890625 0.5200473933649289 0.087171875 0.16308056872037913
12 0.4479765625 0.45975118483412325 0.145953125 0.09964454976303315
15 0.8371484375 0.5118838862559243 0.154296875 0.14940758293838863
2 0.27203125 0.651718009478673 0.5440625 0.6636729857819905
4 0.5426093750000001 0.4731042654028436 0.03446875 0.015497630331753555
10 0.9531171875000001 0.7873815165876777 0.09376562499999999 0.3153791469194313
40 0.825671875 0.39931279620853083 0.02840625 0.01
57 0.9527109374999999 0.7831279620853081 0.093984375 0.3048341232227488
47 0.8313906249999998 0.39377962085308055 0.036843749999999995 0.09149289099526065
