5 0.9825078125000001 0.7690983606557377 0.023078124999999998 0.08939110070257611
5 0.9481640625000002 0.7976580796252927 0.027765625 0.08992974238875878
12 0.4720546875 0.8666627634660421 0.505046875 0.2666744730679157
10 0.9243515625000001 0.8283957845433255 0.13189062499999998 0.34320843091334896
10 0.8684843749999999 0.8909484777517566 0.03309375 0.21435597189695554
32 0.8294765624999999 0.6925644028103045 0.210359375 0.5945901639344262
34 0.2424765625 0.7014754098360656 0.11145312499999999 0.5101639344262295
46 0.5597265625 0.7005386416861827 0.13414062499999999 0.12412177985948478
44 0.33879687500000005 0.6216627634660422 0.09743750000000001 0.028524590163934424
0 0.5635703125 0.9147658079625292 0.11323437500000001 0.17046838407494147
0 0.36737500000000006 0.9308665105386416 0.082125 0.13826697892271664
15 0.9589140625 0.8900351288056204 0.08217187500000002 0.21646370023419206
20 0.4184609375 0.6025878220140515 0.082109375 0.07398126463700234
