9 0.9349687500000001 0.8975312500000001 0.09628125000000001 0.1846875
9 0.718125 0.20352083333333332 0.09831249999999998 0.057708333333333334
32 0.0653515625 0.20618750000000002 0.130703125 0.17450000000000002
19 0.10177343749999998 0.42804166666666676 0.16604687499999998 0.03320833333333333
19 0.6012265625 0.8745937500000001 0.098890625 0.24618749999999998
23 0.54521875 0.82696875 0.0994375 0.34606250000000005
23 0.1413828125 0.39881249999999996 0.202546875 0.046625
13 0.9325312499999998 0.28209375 0.10356249999999999 0.1368125
13 0.9253671875 0.4304479166666667 0.149265625 0.1967291666666667
25 0.9181796875 0.08122916666666667 0.16364062500000004 0.16245833333333334
4 0.3264453125 0.04919791666666666 0.149171875 0.09839583333333332
15 0.502921875 0.5194895833333334 0.99415625 0.9350625000000001
13 0.7258984374999998 0.0661875 0.075828125 0.132375
