39 0.1416484375 0.3690581717451524 0.283296875 0.596398891966759
5 0.7610000000000001 0.7650554016620498 0.025250000000000005 0.15565096952908586
10 0.5513593750000001 0.4020775623268698 0.22643749999999996 0.470803324099723
12 0.828125 0.6107617728531857 0.34375 0.7225761772853186
32 0.5235 0.4224792243767313 0.12928125 0.6022437673130194
32 0.41796093749999996 0.6042382271468143 0.13995312499999998 0.5515789473684211
32 0.7831406249999999 0.5289335180055402 0.25778124999999996 0.38822714681440446
15 0.6927265625 0.8179778393351799 0.574203125 0.3325761772853186
35 0.6356484375000001 0.7367451523545706 0.054859375 0.06994459833795014
4 0.54784375 0.8943213296398892 0.13784375 0.09855955678670361
19 0.8225546874999999 0.9090027700831024 0.062640625 0.07523545706371192
4 0.560109375 0.8450277008310249 0.10487500000000001 0.09570637119113573
4 0.5585234375 0.8826177285318559 0.123359375 0.09094182825484765
4 0.519 0.9466481994459833 0.0911875 0.0802770083102493
4 0.5126328125 0.9063850415512466 0.067265625 0.09121883656509695
