47 0.840625 0.6725292740046838 0.121875 0.19437939110070257
39 0.5209687500000001 0.4909718969555035 0.04528125 0.05669789227166277
10 0.8184921875000001 0.8936299765807962 0.123921875 0.19222482435597185
10 0.7317578125 0.8119672131147542 0.126265625 0.34192037470725994
10 0.710578125 0.6212763466042155 0.05559374999999999 0.08049180327868852
15 0.7862109375 0.7584543325526931 0.206734375 0.19484777517564403
39 0.2175703125 0.43804449648711946 0.029765625 0.05065573770491803
34 0.6370468749999999 0.5671662763466042 0.09787499999999999 0.3188290398126463
34 0.746015625 0.5374473067915692 0.13578125000000002 0.2540983606557377
11 0.6077734374999999 0.3883723653395784 0.009796875 0.027002341920374703
46 0.40930468749999993 0.7078688524590164 0.164921875 0.36852459016393446
44 0.103078125 0.7219819095538514 0.205375 0.14454332552693208
13 0.12261718749999999 0.6825292740046838 0.027734375 0.03859484777517565
13 0.0921875 0.6792271662763466 0.025843749999999995 0.04088992974238877
40 0.8626406249999999 0.7161592505854801 0.035312500000000004 0.07807962529274005
23 0.1891015625 0.5483489461358313 0.031515625000000005 0.04723653395784543
23 0.18162499999999998 0.5439227166276347 0.017625 0.022459016393442624
23 0.17782812499999998 0.5333957845433255 0.01940625 0.030351288056206092
12 0.2617421875 0.542248243559719 0.144703125 0.03227166276346604
