39 0.8014765625 0.31344444444444447 0.146578125 0.16483333333333333
12 0.18326562500000002 0.7279444444444445 0.36653125000000003 0.5182777777777778
10 0.5876953125000001 0.46604166666666663 0.08598437499999999 0.17802777777777778
10 0.35987499999999994 0.5516111111111112 0.20928125 0.3032222222222222
35 0.86915625 0.5678472222222223 0.043687500000000004 0.035416666666666666
25 0.6325390624999999 0.4044027777777777 0.050578125 0.02402777777777778
4 0.4897734375 0.7443194444444444 0.103359375 0.09697222222222221
4 0.45485937500000007 0.7029583333333334 0.08412500000000002 0.07602777777777778
4 0.41699218749999994 0.6695833333333333 0.05670312499999999 0.06222222222222222
12 0.36220312499999996 0.5713333333333332 0.20796874999999995 0.34988888888888886
