39 0.85506 0.44616 0.14632 0.20192
12 0.15932999999999997 0.7835066666666667 0.30901999999999996 0.41202666666666665
10 0.69178 0.8505466666666668 0.19820000000000002 0.29890666666666665
10 0.91899 0.8210266666666667 0.15774000000000002 0.33048
32 0.15202000000000002 0.6280666666666668 0.16268000000000002 0.20328000000000002
32 0.32816 0.7302 0.20572 0.40258666666666665
32 0.64865 0.5726666666666667 0.15786 0.29018666666666665
5 0.42018 0.6476666666666668 0.007040000000000001 0.038373333333333336
11 0.33942999999999995 0.3864266666666667 0.060340000000000005 0.07642666666666667
13 0.39033999999999996 0.6305733333333333 0.02496 0.04365333333333334
19 0.78573 0.6395333333333333 0.046259999999999996 0.0268
32 0.8095600000000001 0.6135999999999999 0.26776 0.24266666666666667
19 0.63491 0.5359466666666666 0.023260000000000006 0.01968
15 0.40918 0.7241466666666667 0.1382 0.1829066666666667
10 0.70667 0.6336266666666667 0.10618 0.15509333333333333
15 0.9442499999999999 0.9672533333333333 0.1115 0.06538666666666666
