39 0.260390625 0.3994375 0.2545 0.303375
39 0.5474609374999999 0.49292708333333335 0.23526562499999998 0.29010416666666666
25 0.7398359375 0.6381666666666667 0.293703125 0.38929166666666665
28 0.879203125 0.8754166666666666 0.06740625 0.0685
21 0.7367500000000001 0.7175937499999999 0.18778125000000004 0.1304375
4 0.074625 0.6476041666666668 0.073875 0.04829166666666666
10 0.489625 0.9621249999999999 0.21099999999999997 0.07575
35 0.28105468749999996 0.7421354166666667 0.06792187499999999 0.06893750000000001
9 0.472578125 0.6764583333333334 0.0474375 0.04775
4 0.08438281249999999 0.5557604166666666 0.124703125 0.07177083333333334
4 0.0418046875 0.5387916666666667 0.058421875 0.030791666666666665
