39 0.21074 0.48139999999999994 0.11776 0.16941333333333333
10 0.5655 0.51004 0.11924 0.27032
2 0.20179000000000002 0.8373333333333334 0.4002200000000001 0.29818666666666666
39 0.57137 0.3948533333333334 0.06886 0.05792
25 0.6659700000000001 0.43752 0.07518000000000001 0.05632000000000001
21 0.56089 0.45585333333333333 0.051699999999999996 0.009466666666666667
4 0.33465000000000006 0.28684 0.01058 0.0388
4 0.3544 0.38982666666666665 0.05332 0.05581333333333333
4 0.34459 0.29444000000000004 0.005660000000000001 0.023973333333333333
4 0.35847 0.29290666666666665 0.005900000000000001 0.02277333333333333
45 0.7812799999999999 0.8320666666666667 0.15919999999999998 0.24941333333333338
4 0.33887999999999996 0.3448133333333333 0.0172 0.02392
4 0.35322000000000003 0.3397333333333333 0.04408 0.0336
28 0.62358 0.45486666666666664 0.01044 0.011653333333333333
