39 0.628578125 0.2448509174311927 0.42840624999999993 0.41855504587155967
9 0.884859375 0.5908944954128441 0.10934375000000002 0.29977064220183486
25 0.28321874999999996 0.31573394495412843 0.37046875 0.3977522935779817
28 0.5903671875 0.6682224770642202 0.145328125 0.08933486238532112
21 0.47357031250000003 0.6146215596330274 0.307703125 0.12823394495412843
4 0.2107265625 0.6304128440366973 0.37251562499999996 0.13165137614678898
4 0.26137499999999997 0.5187614678899082 0.33696875 0.06903669724770642
13 0.063703125 0.4675344036697247 0.0743125 0.2181880733944954
21 0.20621875000000003 0.6424197247706422 0.36712500000000003 0.11860091743119267
21 0.25713281250000003 0.45903669724770635 0.311703125 0.037706422018348625
