47 0.39861718749999997 0.4126518691588785 0.100296875 0.2766121495327103
39 0.5922812500000001 0.32387850467289725 0.08996874999999999 0.10537383177570094
12 0.178046875 0.6726869158878505 0.35609375 0.47280373831775707
10 0.7442578125 0.6946261682242991 0.168265625 0.417196261682243
10 0.518859375 0.7661682242990654 0.25078125 0.4482710280373832
15 0.6309921875000001 0.6137266355140187 0.28323437500000004 0.2635280373831776
34 0.6920468750000001 0.4477570093457943 0.09768750000000001 0.2786448598130841
44 0.821734375 0.46440420560747664 0.049312499999999995 0.007593457943925234
13 0.6520781249999998 0.636016355140187 0.031218750000000003 0.06189252336448599
13 0.5872109375 0.5926869158878504 0.026640625 0.04238317757009346
23 0.5963281250000001 0.6554789719626167 0.052843749999999995 0.021144859813084112
37 0.599421875 0.6577336448598132 0.0369375 0.022056074766355138
46 0.9468359375000002 0.5637850467289719 0.106328125 0.11434579439252338
4 0.3682421875000001 0.5660397196261682 0.052828125000000004 0.035957943925233646
40 0.7081171875 0.25640186915887847 0.028359375 0.04672897196261682
40 0.36284375 0.5408644859813083 0.02109375 0.027757009345794396
49 0.05884375 0.7598481308411215 0.02040625 0.027266355140186917
49 0.04215625 0.7588434579439252 0.021781249999999995 0.02899532710280374
44 0.821125 0.47132009345794385 0.14809375 0.03983644859813084
