39 0.8591015625 0.4769672131147541 0.152921875 0.16629976580796252
12 0.5086406250000001 0.5946252927400468 0.31709375 0.3032084309133489
10 0.10904687500000002 0.8118266978922716 0.21809375000000003 0.35484777517564403
10 0.1786953125 0.5919906323185011 0.10501562499999999 0.21133489461358312
10 0.28553125 0.7042974238875879 0.132 0.393559718969555
12 0.786484375 0.8310421545667447 0.4243125 0.3126229508196722
15 0.1420703125 0.6164754098360656 0.262171875 0.12704918032786885
4 0.675125 0.6357728337236535 0.073625 0.06259953161592506
4 0.5929453125 0.6691803278688525 0.080328125 0.058594847775175644
35 0.901265625 0.5573887587822014 0.033218750000000005 0.015573770491803281
