47 0.724453125 0.25928125 0.10384374999999998 0.13072916666666667
10 0.6561875 0.4600416666666666 0.12365625 0.26625
10 0.165203125 0.3610520833333332 0.08221875 0.057854166666666665
10 0.2338046875 0.49650000000000005 0.188796875 0.24891666666666665
12 0.4362890625 0.5550833333333333 0.44032812499999996 0.3612916666666666
32 0.5519140625 0.7251666666666666 0.33182812500000003 0.13770833333333332
25 0.12200000000000001 0.38071875000000005 0.1025 0.10302083333333334
6 0.14559375000000002 0.7448229166666667 0.20303125000000002 0.24735416666666668
12 0.7331484374999999 0.7401041666666666 0.5333281249999999 0.18487499999999998
35 0.6524531250000001 0.7270208333333333 0.0209375 0.03654166666666667
35 0.9163906250000001 0.6750416666666667 0.01640625 0.041625
4 0.9246718749999999 0.611375 0.055125 0.024250000000000004
32 0.8815234375000002 0.34853124999999996 0.085109375 0.11927083333333334
5 0.5064921875 0.8493437499999998 0.093515625 0.15064583333333334
5 0.0338359375 0.8630833333333334 0.067671875 0.10558333333333333
15 0.1236953125 0.5251979166666667 0.20604687500000002 0.3063958333333333
39 0.89496875 0.36588541666666674 0.16118749999999998 0.19210416666666666
