25 0.1255625 0.6157291666666667 0.251125 0.3415833333333333
28 0.7232812499999999 0.5714166666666667 0.0373125 0.035666666666666666
28 0.2519140625 0.6359479166666667 0.060890625 0.03814583333333333
35 0.7078749999999999 0.5153333333333333 0.025687500000000002 0.025416666666666664
21 0.5732421875 0.5496562500000001 0.199046875 0.0578125
21 0.126515625 0.7058854166666666 0.25025 0.14997916666666666
13 0.9781953125000001 0.20629166666666665 0.04360937499999999 0.10458333333333333
13 0.7516875000000001 0.1923333333333333 0.04009375 0.076125
10 0.8055156250000001 0.9090937499999998 0.38765625 0.15064583333333334
10 0.8089453125 0.9844375000000001 0.382109375 0.026000000000000002
39 0.528609375 0.34325000000000006 0.16328125 0.18045833333333333
5 0.3375390625 0.4670104166666667 0.018734375 0.07685416666666667
