39 0.040757812500000004 0.6164804469273742 0.079015625 0.45290502793296084
5 0.6537812500000001 0.6923184357541899 0.01390625 0.07893854748603353
12 0.8878828125 0.7984916201117318 0.22060937500000002 0.3836312849162012
10 0.6937343749999999 0.656340782122905 0.1326875 0.26983240223463684
10 0.49632031249999997 0.5339804469273743 0.054203125 0.11594972067039105
10 0.8196015624999999 0.5575418994413408 0.054578125000000005 0.10519553072625698
4 0.6330703125000001 0.7677374301675978 0.090796875 0.0811731843575419
10 0.7396875000000002 0.5068016759776536 0.0568125 0.049357541899441346
15 0.788390625 0.5635614525139665 0.061 0.08259776536312849
2 0.319796875 0.6232262569832402 0.37771875 0.40477653631284916
15 0.5116328125 0.486159217877095 0.093453125 0.024497206703910614
