10 0.6267199999999999 0.2692133333333333 0.23108 0.1799733333333333
10 0.022760000000000002 0.6467333333333333 0.045520000000000005 0.2601866666666666
52 0.82536 0.7451733333333334 0.10208 0.22432000000000002
19 0.139 0.8063733333333335 0.22936 0.04277333333333333
23 0.7981500000000001 0.51152 0.16142 0.01056
23 0.15926 0.6820933333333333 0.16884 0.025573333333333333
4 0.48082 0.10335999999999998 0.10116 0.06325333333333333
40 0.47635000000000005 0.6745599999999999 0.22297999999999998 0.32432
52 0.71664 0.4786933333333333 0.052520000000000004 0.14848
13 0.22416 0.91424 0.12808 0.13034666666666667
13 0.27436 0.6162266666666667 0.09704 0.28648
23 0.8849300000000001 0.7951200000000002 0.23013999999999998 0.02165333333333333
13 0.82305 0.62208 0.10326 0.2363733333333333
37 0.9233700000000001 0.68768 0.1021 0.02512
52 0.34157 0.60276 0.0621 0.18632
15 0.5006499999999999 0.6909066666666667 0.9974199999999999 0.6181866666666667
