47 0.5549270833333334 0.6650234375 0.3204791666666667 0.318546875
5 0.8385625 0.8345937500000001 0.07183333333333333 0.141875
10 0.6787083333333334 0.9247421874999999 0.13720833333333332 0.150515625
15 0.8709687499999993 0.9025118695276353 0.258062500000001 0.19497626094472723
34 0.18577083333333338 0.6880703125 0.3595416666666667 0.586515625
5 0.7011145833333333 0.9730703125 0.0319375 0.053859375
13 0.16428125000000002 0.361796875 0.044645833333333336 0.026843750000000003
43 0.7535520833333332 0.7750234374999999 0.1528125 0.10785937500000001
46 0.10911458333333333 0.8329609374999998 0.21822916666666667 0.311671875
56 0.7261666666666667 0.6616796875 0.10333333333333333 0.054078125
5 0.5988749999999999 0.9562109375 0.052875 0.087578125
5 0.6669583333333332 0.9721640624999999 0.031208333333333334 0.055671875
6 0.8948750000000001 0.9288203125000001 0.20391666666666666 0.117453125
6 0.9267083333333332 0.7999609375 0.14658333333333334 0.074578125
47 0.8543020833333332 0.7203984375 0.28081249999999996 0.294328125
4 0.7091041666666666 0.698125 0.14400000000000002 0.048875
6 0.24491666666666667 0.38525 0.051166666666666666 0.023125
47 0.779375 0.5513593750000001 0.15495833333333334 0.12546875
