10 0.26360156250000005 0.6301285046728973 0.108328125 0.1900700934579439
10 0.1004140625 0.6029322429906542 0.065359375 0.16754672897196263
10 0.22238281249999997 0.5252803738317757 0.039171875 0.025093457943925236
12 0.15028906250000001 0.8520443925233646 0.30057812500000003 0.26880841121495325
15 0.179796875 0.6096495327102803 0.2185625 0.18920560747663553
2 0.1544453125 0.8513551401869157 0.308890625 0.26771028037383177
6 0.178125 0.5316939252336449 0.04334374999999999 0.02021028037383178
10 0.14028125 0.6151168224299066 0.053531249999999996 0.18102803738317758
10 0.26878906249999995 0.5272780373831776 0.039296874999999995 0.02100467289719626
39 0.93728125 0.5091939252336448 0.12321875 0.21918224299065422
35 0.542328125 0.8374065420560747 0.06590625 0.028644859813084112
4 0.5296015625 0.7616355140186916 0.093140625 0.036214953271028034
