47 0.065359375 0.8448122065727701 0.1036875 0.28215962441314557
47 0.32820312499999993 0.49379107981220655 0.05128125 0.09359154929577464
10 0.9294374999999999 0.8064553990610328 0.141125 0.2924882629107981
2 0.2744765625 0.7039319248826291 0.498109375 0.42697183098591546
40 0.440265625 0.5782981220657277 0.018187500000000002 0.06176056338028168
51 0.27590625 0.6118896713615023 0.0401875 0.03950704225352112
47 0.4401171875 0.5494835680751174 0.058390625 0.13215962441314552
25 0.758140625 0.52518779342723 0.08215624999999999 0.07924882629107981
4 0.446234375 0.6231338028169013 0.04025 0.007910798122065727
5 0.409328125 0.6020774647887324 0.01690625 0.06809859154929578
13 0.8240468749999998 0.5288732394366197 0.0288125 0.03394366197183099
39 0.76390625 0.5196126760563381 0.07546875 0.07607981220657276
40 0.05608593749999999 0.9219014084507041 0.06754687499999999 0.15619718309859157
13 0.409953125 0.6088967136150235 0.0151875 0.055539906103286386
