39 0.18667187500000001 0.5124759615384614 0.16412500000000002 0.36668269230769224
39 0.774921875 0.5492307692307692 0.1681875 0.42759615384615385
9 0.554375 0.9151923076923076 0.046 0.09894230769230768
28 0.385515625 0.8672115384615385 0.0313125 0.07134615384615385
28 0.9318906250000002 0.8858653846153847 0.03534375 0.06173076923076923
21 0.81134375 0.8577644230769229 0.16512500000000002 0.10783653846153846
21 0.30121875 0.8667548076923077 0.0895 0.08639423076923076
4 0.132796875 0.8925 0.16225 0.21375
25 0.3855078125 0.6232211538461538 0.081796875 0.28240384615384617
25 0.3224140625 0.6244951923076923 0.057078125 0.30245192307692303
21 0.1562265625 0.8573076923076924 0.12507812499999998 0.14259615384615384
13 0.4738359375 0.8620913461538461 0.063796875 0.19524038461538462
