5 0.45807 0.6172 0.04838 0.19354666666666667
5 0.56368 0.8593999999999999 0.04956000000000001 0.22344
5 0.41935 0.6463733333333334 0.04194 0.12688
2 0.39854 0.46413333333333334 0.59864 0.6188266666666666
13 0.6624599999999999 0.90128 0.07648 0.10842666666666666
25 0.35562 0.9011200000000001 0.29663999999999996 0.17077333333333336
4 0.43414 0.7351733333333335 0.10416 0.06474666666666667
4 0.41667000000000004 0.7678133333333333 0.20214 0.09695999999999999
28 0.51197 0.9393600000000001 0.048100000000000004 0.052853333333333335
4 0.66373 0.86484 0.16482 0.12546666666666667
10 0.7171299999999999 0.6796533333333333 0.18214 0.11898666666666666
4 0.40167 0.7360933333333334 0.16586 0.08424
5 0.96815 0.7368933333333334 0.0637 0.32712
