39 0.710203125 0.38104384133611696 0.08456250000000001 0.1497286012526096
10 0.5673671874999999 0.5042066805845511 0.157015625 0.23960334029227556
12 0.1196484375 0.6407724425887266 0.22967187500000003 0.43348643006263043
32 0.152890625 0.537035490605428 0.27337500000000003 0.13002087682672234
44 0.9637890625000002 0.5426409185803758 0.069546875 0.04064718162839248
55 0.3219375 0.6992484342379959 0.24721874999999996 0.21106471816283923
20 0.4748671875 0.6575887265135699 0.11495312499999999 0.20649269311064716
0 0.119484375 0.8621607515657621 0.17840625000000002 0.275678496868476
45 0.33689843750000004 0.545929018789144 0.17107812500000003 0.11427974947807934
15 0.5132109375 0.7714300626304802 0.610421875 0.43116910229645095
