39 0.533640625 0.43163066954643625 0.16278125000000002 0.19190064794816414
39 0.6974453125 0.4314146868250541 0.16489062500000004 0.19302375809935207
5 0.123921875 0.67585313174946 0.07618749999999999 0.16630669546436289
10 0.5118515625000001 0.7806479481641468 0.410734375 0.41291576673866087
25 0.6728749999999999 0.17870410367170628 0.12481249999999999 0.1484233261339093
28 0.49750781250000004 0.5911231101511878 0.039890625 0.03244060475161987
21 0.6918984374999999 0.5882505399568034 0.20685937499999998 0.088207343412527
20 0.15443749999999998 0.8696652267818574 0.305625 0.238207343412527
13 0.872875 0.5653995680345572 0.054156249999999996 0.10712742980561556
28 0.7779921875 0.5752375809935206 0.038984375 0.017645788336933046
