5 0.7278828125 0.405625 0.063890625 0.23683333333333334
12 0.72903125 0.45807291666666666 0.5419375 0.39139583333333333
10 0.13439062499999999 0.34359375 0.181875 0.2103125
10 0.6346875 0.3318541666666667 0.16496875 0.17895833333333336
15 0.45359375 0.7156979166666667 0.7947812500000001 0.5648125
13 0.5221328125 0.4134166666666667 0.051546875000000006 0.12341666666666667
25 0.336390625 0.42182291666666666 0.26303125 0.24002083333333332
28 0.4286875 0.5307499999999999 0.07571875 0.05341666666666667
35 0.6190234375 0.5533333333333332 0.133234375 0.06225
10 0.5075 0.32495833333333335 0.09690625000000001 0.141625
10 0.8414453125 0.46779166666666666 0.313296875 0.38825000000000004
10 0.1771171875 0.8758854166666667 0.354234375 0.24822916666666667
