10 0.7607656249999999 0.9290239410681399 0.4778125 0.14195211786372008
13 0.31657031249999995 0.7426795580110498 0.116203125 0.2124309392265193
25 0.6696406250000001 0.6891988950276243 0.6009375 0.3705524861878453
37 0.1942578125 0.8293370165745856 0.163515625 0.0258195211786372
12 0.500953125 0.5408839779005525 0.99809375 0.5662983425414365
15 0.5495703125 0.9158648899447642 0.9008593750000002 0.1682702201104712
32 0.3247109375 0.4432136279926335 0.506953125 0.7728360957642725
32 0.06791406250000001 0.41901473296500924 0.13582812500000002 0.22167587476979744
10 0.73359375 0.5298710865561694 0.5328125 0.5298710865561694
10 0.054640625 0.884852670349908 0.10928125 0.22992633517495395
19 0.179734375 0.8271086556169429 0.13928125 0.020515653775322284
