39 0.52059375 0.45668235294117643 0.0901875 0.10287058823529412
12 0.23349218749999998 0.5795764705882354 0.278484375 0.2645176470588235
12 0.7504609375 0.7 0.321328125 0.4451764705882353
13 0.7083359374999999 0.7884117647058824 0.023265625 0.0916
4 0.7808203125 0.917494117647059 0.105734375 0.08303529411764705
6 0.43231249999999993 0.5881294117647059 0.021031250000000005 0.019929411764705883
10 0.1522109375 0.7816588235294119 0.304421875 0.4134823529411765
10 0.7275859375 0.4990823529411765 0.193359375 0.19044705882352944
35 0.45041406249999993 0.6252941176470589 0.022265625 0.00668235294117647
15 0.4342851214885758 0.6637167533576569 0.2080337385523726 0.22654879416964158
