39 0.19412500000000002 0.5549476987447698 0.092875 0.10382845188284519
39 0.5081796875 0.5076778242677825 0.045984375 0.05669456066945608
12 0.48758593749999996 0.6877615062761505 0.32995312499999996 0.2690376569037657
10 0.6202187499999999 0.8301255230125524 0.209 0.3397489539748954
15 0.8681328125000001 0.8482322175732218 0.260078125 0.3035355648535565
12 0.1342734375 0.6882008368200836 0.255109375 0.2382008368200837
32 0.9372578125000001 0.4965271966527196 0.043828125 0.1819246861924686
10 0.775734375 0.8179497907949791 0.12787500000000002 0.29000000000000004
10 0.024757812500000004 0.6672489539748954 0.047828125000000006 0.20964435146443514
9 0.78159375 0.8342782426778241 0.04025 0.021820083682008367
13 0.38128124999999996 0.6017887029288703 0.011968749999999998 0.025209205020920503
40 0.9825859375 0.7615481171548116 0.034828125 0.08715481171548117
