61 0.334009324009324 0.822578125 0.14461538461538462 0.0896875
10 0.4712703962703963 0.671953125 0.2112121212121212 0.23565624999999998
15 0.40368298368298366 0.7372578125000001 0.8003263403263403 0.374109375
32 0.5738927738927738 0.6179843749999999 0.23324009324009323 0.36324999999999996
34 0.2765384615384615 0.5238359375 0.24104895104895102 0.18560937500000002
25 0.5337878787878787 0.6073124999999999 0.1337296037296037 0.04453125
44 0.7531585081585083 0.5676484375 0.09582750582750582 0.008515625
13 0.41 0.6196953125 0.039720279720279715 0.028015625
4 0.6782517482517483 0.6187265625 0.08121212121212124 0.017234375
13 0.8852447552447553 0.5461015625 0.027599067599067596 0.035390624999999995
10 0.20682983682983683 0.8428515625 0.2899300699300699 0.297171875
4 0.9265617715617717 0.5755546874999999 0.14547785547785547 0.010421875
4 0.9211188811188812 0.5859765625000001 0.15776223776223777 0.013359375000000001
4 0.9215967365967367 0.7506640625 0.1568065268065268 0.327859375
