61 0.7694062500000001 0.6552816901408451 0.1783125 0.4824882629107981
5 0.20534374999999996 0.9386502347417841 0.058687500000000004 0.12269953051643193
10 0.43444531249999996 0.3430164319248826 0.23904687500000002 0.6860328638497653
10 0.20880468749999997 0.3921596244131456 0.286484375 0.7366197183098592
15 0.16287500000000002 0.4388262910798122 0.3195 0.7835211267605632
6 0.081609375 0.25334507042253523 0.10740625 0.12218309859154929
0 0.1152578125 0.7048474178403755 0.230515625 0.5903051643192488
37 0.049210937499999996 0.20557511737089204 0.043359375 0.05875586854460094
25 0.10479687499999998 0.08352112676056339 0.18153125 0.16291079812206577
21 0.12414843750000001 0.11028169014084507 0.06217187500000001 0.05929577464788733
0 0.8912421875 0.2714319248826291 0.057046875 0.2935211267605634
20 0.755328125 0.3000469483568075 0.2134375 0.2537089201877934
28 0.18413281250000002 0.06015258215962442 0.062671875 0.03838028169014085
4 0.13315625 0.3076995305164319 0.235 0.12633802816901407
4 0.25786718750000004 0.28911971830985916 0.030609375 0.07687793427230047
4 0.2222421875 0.27894366197183096 0.183359375 0.1115962441314554
13 0.0686484375 0.10311032863849766 0.051484375000000006 0.12631455399061034
