61 0.782625 0.7020833333333333 0.06343750000000001 0.160625
5 0.47563281249999995 0.7403020833333334 0.022265625 0.09152083333333333
12 0.228625 0.7516145833333334 0.45603125 0.4967708333333334
32 0.711234375 0.5322083333333333 0.17865625000000002 0.5213333333333333
11 0.8918125 0.21538541666666666 0.07003125 0.09256250000000002
25 0.5663046875000001 0.8340937500000001 0.130359375 0.10835416666666667
10 0.7342343750000001 0.6758124999999999 0.34371874999999996 0.29733333333333334
12 0.7329453125000001 0.6694374999999999 0.346796875 0.324
25 0.6734218750000001 0.8672604166666666 0.1270625 0.09456250000000001
35 0.8556640625000002 0.8666979166666668 0.034171875000000004 0.0670625
9 0.6295859375 0.6317604166666666 0.040859375 0.02264583333333333
20 0.8003359375000001 0.88809375 0.105734375 0.13427083333333334
