39 0.961234375 0.4463901869158879 0.07753125 0.2783411214953271
12 0.2574296875 0.7655957943925233 0.506234375 0.4645093457943925
10 0.35457812499999997 0.5074532710280374 0.05240625000000001 0.027383177570093464
32 0.5199218750000001 0.4038901869158879 0.03484375 0.17539719626168224
15 0.35090625000000003 0.8644742990654205 0.269 0.23820093457943925
35 0.3661484375 0.8401752336448599 0.05279687499999999 0.01955607476635514
10 0.5030078125 0.5336448598130841 0.030640624999999998 0.08897196261682243
15 0.42860937499999996 0.4916588785046729 0.141125 0.04130841121495328
10 0.562109375 0.708411214953271 0.0846875 0.19672897196261682
4 0.34115624999999994 0.873539719626168 0.09125 0.05567757009345794
43 0.4463046875000001 0.39385514018691586 0.032140625 0.05434579439252337
