10 0.85488 0.8757466666666667 0.29024 0.22530666666666666
10 0.05871 0.40064000000000005 0.11742 0.30821333333333334
25 0.52453 0.56384 0.2803 0.3231466666666667
21 0.7799600000000001 0.5850000000000001 0.19304 0.05048
21 0.25637 0.8042 0.08206000000000001 0.10168
13 0.19458999999999999 0.6252266666666667 0.05045999999999999 0.12240000000000001
13 0.24543000000000004 0.6173066666666667 0.061700000000000005 0.07312
39 0.7475099999999999 0.40728000000000003 0.18474000000000002 0.19850666666666666
25 0.28411 0.7282933333333333 0.19802 0.2687466666666667
21 0.52772 0.6289200000000001 0.19563999999999995 0.09458666666666665
9 0.25256999999999996 0.9690933333333334 0.07781999999999999 0.0616
5 0.38072 0.6192133333333334 0.04436 0.14194666666666667
5 0.30358 0.3388266666666667 0.01984 0.04778666666666667
4 0.59721 0.48288 0.06378 0.04474666666666667
13 0.15181999999999998 0.652 0.049 0.09882666666666667
