10 0.1437890625 0.8592361111111111 0.287578125 0.25225000000000003
10 0.9259609375000001 0.843625 0.148078125 0.2863611111111111
15 0.22310937500000003 0.61475 0.41587500000000005 0.1101111111111111
15 0.5205078125 0.9544027777777778 0.17357812500000003 0.09119444444444444
4 0.5665625 0.9549722222222222 0.07278124999999999 0.07822222222222222
4 0.532875 0.9280277777777777 0.04375 0.03961111111111111
6 0.39032812499999997 0.43126388888888884 0.0330625 0.018694444444444444
46 0.15134375 0.5290416666666666 0.10593749999999998 0.1031388888888889
5 0.2614375 0.40669444444444447 0.01925 0.07516666666666666
5 0.41154687500000003 0.3881666666666666 0.013843749999999998 0.06938888888888889
10 0.1677265625 0.5625 0.12157812500000001 0.07033333333333333
10 0.14835937500000002 0.7373194444444445 0.19275000000000003 0.20858333333333334
10 0.7751953125 0.8015138888888891 0.371609375 0.3969722222222222
44 0.3099765625 0.43345833333333333 0.07132812499999999 0.02313888888888889
34 0.4066328125 0.5777083333333333 0.101953125 0.24613888888888888
4 0.5146796874999999 0.9689444444444446 0.040890625 0.046944444444444434
20 0.6965937500000001 0.82375 0.0889375 0.12605555555555556
6 0.4252265625 0.4291111111111111 0.034890624999999995 0.01622222222222222
13 0.3882890625 0.5742222222222222 0.017671875 0.035277777777777776
12 0.15584375 0.9045555555555554 0.2586875 0.16566666666666666
