47 0.14306249999999998 0.6706694560669456 0.18328125 0.24343096234309625
15 0.29084374999999996 0.8288179916317993 0.57465625 0.3341213389121339
10 0.44032031250000003 0.9241213389121339 0.293453125 0.15175732217573223
43 0.4899765625 0.20009414225941427 0.16732812499999997 0.17922594142259418
44 0.7441953124999999 0.539550209205021 0.133328125 0.09156903765690377
37 0.5647656249999999 0.46661087866108786 0.03803125 0.020376569037656903
6 0.7853515625 0.1459832635983264 0.051515624999999995 0.02087866108786611
13 0.776984375 0.24413179916317992 0.040875 0.07537656903765691
13 0.6206484375000001 0.33311715481171544 0.027046874999999998 0.048075313807531384
4 0.1662890625 0.7281276150627615 0.086640625 0.13110878661087866
