47 0.48168750000000005 0.7188407494145198 0.1090625 0.11524590163934427
12 0.6377109375000001 0.7715456674473067 0.3436718749999999 0.3340515222482436
10 0.10921093750000001 0.8342740046838408 0.21576562500000002 0.3314519906323185
10 0.2340859375 0.8178220140515222 0.17610937499999998 0.3369086651053865
15 0.04916406250000001 0.8854918032786885 0.09832812500000002 0.19679156908665102
35 0.5536171875 0.7756557377049181 0.028328124999999996 0.01955503512880562
4 0.8777578124999998 0.8596838407494145 0.078796875 0.04840749414519907
4 0.8475390625000001 0.7382669789227166 0.074921875 0.029039812646370025
4 0.8776171875 0.8882903981264636 0.081015625 0.046416861826697894
47 0.24762499999999998 0.6629976580796253 0.06525 0.0836065573770492
47 0.7597734375 0.5229156908665105 0.076859375 0.13046838407494146
47 0.7990234375 0.5718149882903981 0.039734375 0.035573770491803276
39 0.9419375 0.5701053864168617 0.025374999999999995 0.0656440281030445
25 0.8471953124999999 0.7409718969555034 0.079921875 0.03524590163934426
