9 0.4714400000000001 0.7810510510510511 0.12272 0.25393393393393393
28 0.8652799999999999 0.800990990990991 0.143 0.17327327327327327
20 0.49285 0.234984984984985 0.7915800000000001 0.46546546546546547
20 0.66974 0.5651651651651651 0.29184 0.24942942942942944
45 0.78149 0.27078078078078077 0.12318000000000001 0.0945945945945946
5 0.9478500000000001 0.32186186186186183 0.03294 0.09819819819819822
13 0.07891 0.33876876876876877 0.11901999999999999 0.20996996996996997
4 0.9452499999999999 0.6608258258258259 0.10949999999999999 0.36855855855855857
25 0.23414 0.8177177177177177 0.28443999999999997 0.2890690690690691
32 0.89495 0.15184684684684682 0.06042 0.13654654654654655
