39 0.19744531249999997 0.7420972222222223 0.311078125 0.47402777777777777
39 0.69065625 0.4737083333333334 0.18671875 0.22886111111111113
39 0.880234375 0.5118055555555556 0.21625 0.27594444444444444
13 0.8347890625000001 0.26715277777777774 0.028984375 0.05025
25 0.596375 0.6421666666666667 0.16384375 0.14966666666666667
25 0.43356249999999996 0.703 0.1971875 0.3550555555555555
28 0.9453125 0.776986111111111 0.027875 0.058972222222222224
21 0.7753359375 0.7099166666666668 0.18795312500000003 0.11872222222222223
21 0.13518750000000002 0.3875972222222222 0.18215625 0.07291666666666667
4 0.9643984375000001 0.3038888888888889 0.064640625 0.11944444444444445
4 0.9063671875 0.2624722222222222 0.05692187499999999 0.16788888888888887
10 0.9105312499999999 0.9089027777777778 0.17790625 0.18219444444444444
25 0.12703906250000002 0.29298611111111117 0.24901562500000002 0.3528055555555556
35 0.9245703124999999 0.6917777777777778 0.039734375 0.04888888888888889
4 0.732703125 0.22290277777777778 0.0268125 0.13102777777777777
