5 0.13788281249999998 0.4333645833333333 0.073328125 0.19352083333333334
25 0.355875 0.5915312500000001 0.31134375 0.33506250000000004
35 0.126796875 0.6964583333333333 0.1034375 0.039125
21 0.6255234375 0.6194583333333332 0.22717187499999997 0.16595833333333332
4 0.1510390625 0.7279270833333332 0.19982812499999997 0.1818125
49 0.598015625 0.5303541666666667 0.03965625 0.0525
13 0.18563281250000002 0.43934375000000003 0.051984375000000006 0.07856250000000001
13 0.12678124999999998 0.5273020833333334 0.055218750000000004 0.10035416666666669
13 0.0978359375 0.4583749999999999 0.029078125 0.05225
39 0.026859375 0.31344791666666666 0.05371875 0.25577083333333334
28 0.749453125 0.5626458333333333 0.061125 0.054333333333333324
21 0.37837499999999996 0.6644895833333334 0.12303125 0.1438125
13 0.6788203125 0.47384375 0.033484375 0.051604166666666666
10 0.86859375 0.8232499999999999 0.25771875 0.35350000000000004
10 0.41894531249999994 0.19215625 0.072140625 0.02314583333333333
10 0.0330859375 0.22462500000000002 0.066171875 0.10904166666666666
39 0.45408593750000004 0.33829166666666666 0.270171875 0.35820833333333335
