9 0.6923593750000001 0.6975291375291374 0.0503125 0.032867132867132866
34 0.49883593750000005 0.32789044289044283 0.174671875 0.6094405594405594
10 0.48553124999999997 0.7694172494172494 0.13878125 0.44344988344988345
10 0.863125 0.6195337995337995 0.14159375000000002 0.1887645687645688
15 0.7146484375 0.8033682983682984 0.570703125 0.37079254079254076
32 0.23498437500000002 0.5136363636363636 0.28921874999999997 0.9191142191142191
25 0.8241796875 0.772051282051282 0.189328125 0.15818181818181817
46 0.06628125 0.6712237762237763 0.1325625 0.5842657342657342
4 0.6454062500000001 0.8524708624708625 0.14946874999999998 0.1599067599067599
40 0.9473203124999999 0.8159790209790208 0.09473437500000001 0.24780885780885784
50 0.454296875 0.32587412587412584 0.01690625 0.014312354312354312
44 0.043460937500000005 0.4466550116550117 0.08692187500000001 0.07372960372960373
