39 0.24328906250000004 0.5685477178423237 0.100703125 0.2561825726141079
10 0.7112265625 0.6252904564315354 0.069390625 0.28958506224066394
12 0.867375 0.817780082987552 0.26525 0.35688796680497925
10 0.6498984374999999 0.6307676348547718 0.06092187499999999 0.3059336099585062
10 0.6735234374999999 0.4971991701244813 0.035203125 0.0787966804979253
12 0.16728125 0.8149792531120332 0.3345625 0.37004149377593365
34 0.8419609375 0.48427385892116187 0.042078125 0.3
4 0.272078125 0.7644813278008297 0.02578125 0.033278008298755185
44 0.7819609375000001 0.476597510373444 0.040328125000000006 0.007551867219917014
0 0.456765625 0.7766182572614109 0.058687500000000004 0.09871369294605808
20 0.45607031249999996 0.7756846473029045 0.064109375 0.10639004149377594
15 0.689796875 0.6544398340248962 0.078375 0.243402489626556
4 0.900625 0.1770954356846473 0.010281249999999999 0.05585062240663901
