47 0.0904453125 0.41656908665105385 0.143421875 0.20311475409836066
39 0.7806484374999999 0.41683840749414514 0.19923437500000002 0.21386416861826696
12 0.3815546875 0.5162997658079626 0.33073437499999997 0.29185011709601877
12 0.1276953125 0.7440866510538642 0.255390625 0.49032786885245905
15 0.3079375 0.36099531615925057 0.09465625 0.019227166276346606
43 0.024765625 0.25182669789227163 0.04953125 0.05081967213114754
10 0.2485546875 0.36988290398126467 0.052859375 0.07250585480093677
10 0.288375 0.34121779859484774 0.0214375 0.03592505854800937
10 0.31875 0.36144028103044507 0.053031249999999995 0.05037470725995317
35 0.394125 0.7386768149882904 0.07828125 0.04840749414519907
4 0.3431171875 0.6114754098360655 0.068640625 0.045995316159250586
11 0.46349218749999993 0.2490632318501171 0.017328125 0.06473067915690867
10 0.3615625 0.3560538641686183 0.01859375 0.057072599531615927
15 0.0302734375 0.3527868852459017 0.060546875 0.10243559718969555
35 0.34466406250000003 0.6098360655737705 0.046421875 0.03199063231850117
15 0.459355644537885 0.718584070796459 0.3093860560569721 0.3362831858407078
