5 0.4623999999999999 0.56765 0.06239999999999999 0.15818000000000002
9 0.19957333333333335 0.5983700000000001 0.04186666666666666 0.02174
10 0.9054266666666667 0.89508 0.18914666666666669 0.20983999999999997
15 0.4477999999999999 0.77417 0.6573599999999999 0.45166000000000006
32 0.48384 0.43961999999999996 0.27226666666666666 0.23532
13 0.6569066666666665 0.6048 0.10117333333333332 0.08392000000000001
25 0.5362933333333333 0.54889 0.23983999999999997 0.11242
13 0.26669333333333334 0.55051 0.04949333333333333 0.04822
10 0.1763866666666667 0.7667100000000001 0.34680000000000005 0.43498000000000003
10 0.06788 0.61793 0.13496 0.1433
32 0.7157333333333333 0.7085600000000001 0.5576 0.58208
