25 0.438203125 0.5065520833333332 0.87640625 0.9807708333333331
13 0.8148906249999999 0.34007291666666667 0.17696875 0.3618125
32 0.019828125 0.0801875 0.03965625 0.06683333333333333
32 0.6675859375000001 0.025291666666666667 0.11026562499999999 0.050583333333333334
32 0.71759375 0.1654270833333333 0.16853125 0.32097916666666665
32 0.0951875 0.011968750000000002 0.038093749999999996 0.022770833333333337
10 0.0349296875 0.16320833333333332 0.069859375 0.19470833333333332
10 0.72078125 0.17453125 0.17143750000000002 0.18960416666666668
15 0.5 0.6686875000000001 1.0 0.632125
12 0.8674843750000001 0.12139583333333333 0.19671875 0.1673333333333333
32 0.4048359375 0.3313229166666667 0.037984375 0.08018750000000001
32 0.36512500000000003 0.0111875 0.0245 0.021916666666666664
