39 0.6804218750000001 0.45875 0.1046875 0.13899999999999998
5 0.4191796875 0.6982361111111112 0.008546874999999999 0.03125
12 0.2800390625 0.7118333333333333 0.378640625 0.42150000000000004
10 0.6705 0.8414583333333334 0.129125 0.09497222222222222
10 0.87121875 0.7936388888888889 0.20709374999999997 0.3237777777777778
32 0.559765625 0.65075 0.017625 0.03777777777777778
15 0.6471953125000001 0.9157361111111111 0.586515625 0.16852777777777778
25 0.7185625 0.7219166666666668 0.05190625 0.06194444444444445
32 0.5412187500000001 0.7325555555555556 0.094625 0.2416111111111111
13 0.42025000000000007 0.7287638888888889 0.01184375 0.03136111111111111
6 0.1941328125 0.9665972222222221 0.13929687500000001 0.06680555555555556
