5 0.51079 0.4973275862068966 0.030019999999999998 0.12505747126436784
9 0.80569 0.9438505747126438 0.11018 0.08741379310344827
15 0.49971 0.7707902298850574 0.9963 0.43594827586206897
32 0.15797 0.4910201149425288 0.31282 0.5011206896551724
32 0.84878 0.4973706896551724 0.30244 0.7618103448275861
13 0.48944000000000004 0.8435775862068966 0.08188 0.2486494252873563
13 0.20547 0.6183764367816091 0.07158 0.09847701149425286
6 0.42138 0.8222126436781609 0.13568 0.1353448275862069
25 0.5773999999999999 0.5824856321839081 0.2838 0.27727011494252873
25 0.34642999999999996 0.5059195402298852 0.17294 0.1954597701149425
13 0.61249 0.7702298850574714 0.07378 0.18672413793103448
10 0.01528 0.5682614942528735 0.03056 0.16738505747126436
9 0.6531200000000001 0.5778591954022988 0.038079999999999996 0.01583333333333333
