47 0.23285156250000003 0.4911764705882352 0.033515625 0.11581176470588234
39 0.08412500000000002 0.4618823529411765 0.09975000000000002 0.21524705882352943
12 0.5051015625 0.5489764705882354 0.09389062500000002 0.061011764705882356
10 0.2755390625 0.588835294117647 0.07423437499999999 0.13771764705882353
2 0.7330156250000001 0.7649411764705882 0.53396875 0.44169411764705885
2 0.5511562500000001 0.640035294117647 0.30603125000000003 0.2236941176470588
4 0.2580859375 0.5666470588235295 0.024453125 0.009011764705882353
4 0.25625 0.5380705882352942 0.029312500000000005 0.028847058823529406
11 0.5423984375 0.40721176470588233 0.016796875 0.056258823529411764
11 0.519828125 0.4175176470588236 0.01625 0.06774117647058824
