47 0.616171875 0.594968619246862 0.14390624999999999 0.25039748953974894
39 0.7451953125 0.44172594142259414 0.144328125 0.2269665271966527
12 0.1766875 0.6478661087866109 0.34775 0.38376569037656905
4 0.39515625 0.7675732217573221 0.0575625 0.00594142259414226
4 0.39403124999999994 0.7590481171548119 0.060843749999999995 0.009058577405857741
4 0.392609375 0.7387970711297072 0.06459375 0.02110878661087866
40 0.418140625 0.6060251046025105 0.029562500000000002 0.08422594142259414
55 0.2895390625 0.5900523012552301 0.039515625 0.049686192468619245
10 0.7237578125 0.647939330543933 0.204609375 0.3486401673640167
13 0.40628125 0.6528451882845188 0.025062499999999998 0.03602510460251046
4 0.39587500000000003 0.7735774058577407 0.05728124999999999 0.007196652719665272
