39 0.1848046875 0.3160104166666667 0.262828125 0.2800625
9 0.42510937499999996 0.50953125 0.0548125 0.06752083333333332
28 0.530453125 0.7838541666666667 0.05209375000000001 0.1125
35 0.14568750000000003 0.48780208333333336 0.08456250000000001 0.04589583333333334
5 0.22309375000000004 0.46211458333333333 0.09159375 0.0831875
5 0.26676562499999995 0.40447916666666667 0.0711875 0.15920833333333334
25 0.2064609375 0.6507187499999999 0.257859375 0.15506250000000002
10 0.152921875 0.8519479166666666 0.3019375 0.2701458333333333
4 0.47956250000000006 0.354375 0.1241875 0.10591666666666667
4 0.40308593749999994 0.5151249999999999 0.16514062499999999 0.11583333333333332
4 0.66875 0.5904270833333334 0.187 0.1699375
4 0.2964140625 0.5185520833333334 0.04401562500000001 0.04822916666666666
4 0.8823281250000001 0.5847604166666666 0.11393749999999998 0.17414583333333333
