39 0.5213046875 0.3637916666666666 0.13089062499999998 0.14991666666666664
10 0.43590624999999994 0.9100312500000001 0.39240624999999996 0.17993749999999997
25 0.5640625 0.5733958333333333 0.17853124999999997 0.20929166666666668
25 0.3959375 0.5609375 0.12553125 0.17733333333333334
25 0.298046875 0.5030416666666667 0.11596875 0.15241666666666667
28 0.6975156250000001 0.662625 0.03053125 0.03979166666666667
13 0.8047031250000001 0.6904791666666665 0.0533125 0.08841666666666664
21 0.39836718750000005 0.6092500000000001 0.11517187499999998 0.042041666666666665
21 0.2985 0.5460729166666667 0.10209375000000001 0.026687499999999996
21 0.5672734375 0.6143125 0.12457812500000001 0.047
21 0.19267187500000002 0.4867916666666667 0.11959375000000001 0.054083333333333344
9 0.2954609375 0.6326770833333333 0.030328124999999997 0.0391875
4 0.22890625 0.21174999999999997 0.03478125 0.1557083333333333
4 0.170578125 0.06281250000000001 0.0315625 0.12512500000000001
4 0.20899218749999998 0.06163541666666667 0.020828124999999996 0.12102083333333334
4 0.13309374999999998 0.2162291666666667 0.17003125 0.14583333333333334
4 0.1840234375 0.06352083333333333 0.024515625 0.12554166666666666
