47 0.5523203125 0.2125520833333333 0.028265625000000003 0.12352083333333333
47 0.753515625 0.21473958333333332 0.0320625 0.1255625
39 0.04561718750000001 0.26391666666666663 0.09123437500000002 0.19383333333333336
12 0.9145156250000003 0.6626041666666665 0.17096875 0.2967916666666667
35 0.91109375 0.6252187499999999 0.05603125 0.014437499999999999
13 0.9043125 0.47670833333333335 0.0191875 0.014874999999999998
6 0.3232890625 0.30487499999999995 0.020203125 0.01375
6 0.322109375 0.38128125 0.02046875 0.014020833333333337
4 0.6531484375000001 0.6348645833333333 0.079203125 0.0341875
4 0.8274453125000001 0.6022812500000001 0.052109375 0.019270833333333334
4 0.642296875 0.651875 0.1 0.047541666666666677
4 0.8075078125 0.6451979166666666 0.018390625 0.05485416666666667
10 0.2901796875 0.5369583333333334 0.169765625 0.29020833333333335
40 0.9797890625 0.42985416666666665 0.04042187500000001 0.11600000000000002
4 0.9635468750000001 0.7466041666666666 0.07259375 0.06095833333333333
