10 0.9072500000000001 0.5774882629107981 0.11181250000000001 0.21014084507042252
12 0.53359375 0.7688732394366197 0.39331250000000006 0.411737089201878
6 0.5712812499999999 0.5163615023474178 0.02628125 0.014272300469483568
44 0.8347734375 0.4074061032863849 0.096296875 0.012089201877934273
4 0.35831250000000003 0.8866079812206573 0.11003124999999998 0.0978169014084507
34 0.73346875 0.4982042253521126 0.030875000000000003 0.448849765258216
11 0.839609375 0.06088028169014084 0.052437500000000005 0.07706572769953052
15 0.899828125 0.5599295774647888 0.15428124999999998 0.20690140845070423
4 0.4405859375000001 0.8727582159624414 0.038765625 0.04964788732394366
13 0.3858984374999999 0.9026643192488263 0.057109375 0.0638262910798122
