39 0.738203125 0.44958333333333333 0.20224999999999999 0.20674999999999996
51 0.59371875 0.5509479166666666 0.10909374999999999 0.20343750000000005
10 0.5389218750000001 0.8340833333333333 0.41259375 0.3318333333333333
9 0.8415781250000001 0.6714479166666668 0.041031250000000005 0.0189375
28 0.7658046875000001 0.64290625 0.031828125 0.021062499999999998
21 0.699515625 0.6203229166666666 0.11474999999999999 0.04052083333333333
21 0.16471875 0.6462395833333333 0.134125 0.03127083333333333
13 0.26942968749999996 0.5918229166666668 0.030328124999999997 0.04310416666666668
13 0.44982031249999993 0.5699375 0.029046875 0.04704166666666667
35 0.9023906249999999 0.66340625 0.060125000000000005 0.0189375
4 0.40732031250000006 0.6103541666666668 0.11926562499999999 0.04058333333333333
25 0.16392968749999998 0.5991145833333333 0.189828125 0.17447916666666663
