9 0.6072700000000001 0.8851501501501501 0.03386 0.026636636636636634
10 0.30165 0.8428228228228228 0.12841999999999998 0.31345345345345343
12 0.8083100000000001 0.7988738738738738 0.38338 0.37528528528528526
25 0.30530999999999997 0.6577477477477477 0.10318000000000001 0.10960960960960961
4 0.60842 0.8910360360360359 0.06628 0.04555555555555555
4 0.54247 0.8546396396396396 0.1107 0.062072072072072076
4 0.54792 0.9054504504504505 0.08312 0.06135135135135135
40 0.6984699999999999 0.5878528528528528 0.0329 0.18525525525525524
40 0.05222 0.6745495495495496 0.10044 0.5809309309309308
15 0.27093 0.8205105105105105 0.30142 0.35165165165165163
