2 0.582734375 0.624164705882353 0.47006249999999994 0.4921411764705883
2 0.7459531249999999 0.7724235294117647 0.50325 0.42376470588235293
5 0.07178124999999999 0.596035294117647 0.023781249999999997 0.05145882352941176
5 0.12255468749999998 0.5577176470588234 0.020984375000000003 0.03632941176470588
13 0.1464140625 0.5987411764705882 0.016078125 0.03983529411764706
10 0.3130078125 0.6378823529411765 0.083640625 0.18192941176470587
10 0.478453125 0.5609647058823529 0.06021875000000001 0.03576470588235294
10 0.2167109375 0.6571411764705882 0.031265625000000005 0.21663529411764704
39 0.0761015625 0.38315294117647064 0.044765625 0.2539294117647059
4 0.7210234375 0.7719176470588235 0.066140625 0.038564705882352945
45 0.8606406249999999 0.6963176470588235 0.26387499999999997 0.1340470588235294
5 0.1165703125 0.5090941176470588 0.016578125 0.0532
5 0.08534375000000001 0.5554823529411764 0.02265625 0.07736470588235295
0 0.6819843750000001 0.6759058823529412 0.048375 0.04084705882352942
