10 0.7930703125 0.8862708333333335 0.366546875 0.20720833333333333
25 0.7323046875 0.24987499999999996 0.18032812500000003 0.289875
28 0.56240625 0.6065833333333333 0.0558125 0.043250000000000004
21 0.450859375 0.6856979166666668 0.23775 0.18022916666666672
21 0.149921875 0.6706875 0.18725000000000003 0.141875
39 0.3244375 0.4282395833333333 0.31853125000000004 0.3752708333333333
39 0.5594375 0.36415625000000007 0.15896875 0.31189583333333337
25 0.1614375 0.612 0.3195 0.426
21 0.7296796875000001 0.2954791666666667 0.130578125 0.07141666666666667
13 0.8099921875 0.5474583333333334 0.030515625 0.04783333333333333
9 0.31164062499999995 0.7106979166666667 0.0453125 0.03677083333333333
13 0.873 0.5333333333333333 0.05053125000000001 0.12583333333333332
