39 0.9110468749999999 0.2922319474835886 0.17653125 0.35229759299781177
32 0.21035156250000003 0.3651203501094092 0.24339062500000005 0.3340919037199125
25 0.30163281249999996 0.5866958424507659 0.12042187499999998 0.1437199124726477
35 0.43938281250000005 0.6728227571115974 0.033015625 0.03487964989059081
5 0.28159375000000003 0.20956236323851204 0.013718749999999997 0.05943107221006565
12 0.1013203125 0.27083150984682713 0.202640625 0.1076148796498906
47 0.885109375 0.155054704595186 0.22978125 0.3011378555798687
15 0.6991328125000001 0.175109409190372 0.097296875 0.025754923413566735
32 0.23177343749999998 0.6157221006564552 0.461921875 0.7685557986870897
10 0.124265625 0.842855579868709 0.24481250000000002 0.2779212253829322
13 0.2301640625 0.22978118161925604 0.020890625 0.03986870897155361
12 0.27323437500000003 0.43589715536105034 0.16012500000000002 0.26102844638949674
