39 0.342984375 0.18727083333333333 0.15 0.12808333333333333
12 0.5161328125 0.8193541666666667 0.964515625 0.3612916666666666
10 0.516328125 0.49388541666666663 0.1750625 0.14347916666666669
47 0.7030859375 0.44669791666666664 0.078484375 0.17410416666666662
35 0.58078125 0.6702708333333333 0.044187500000000005 0.022500000000000006
20 0.8904140625 0.57225 0.101546875 0.1145
2 0.23412500000000003 0.728875 0.3359375 0.21554166666666666
39 0.8171875 0.23147916666666668 0.15640625 0.27120833333333333
4 0.6696328125 0.6468229166666667 0.091640625 0.04427083333333334
4 0.616515625 0.6359895833333334 0.076625 0.030604166666666665
10 0.247484375 0.5185104166666668 0.15328124999999998 0.15514583333333334
12 0.5178515625000001 0.4933958333333333 0.165203125 0.13724999999999998
12 0.24447656250000002 0.5220833333333332 0.157796875 0.176625
