39 0.4780078125 0.5110256410256411 0.063109375 0.0703030303030303
10 0.2820078125 0.600909090909091 0.046578125 0.1027039627039627
10 0.25980468749999996 0.6211888111888112 0.028703125000000003 0.0985081585081585
10 0.20913281250000001 0.6321212121212121 0.021453125000000003 0.09892773892773893
12 0.1762421875 0.8135780885780887 0.352484375 0.37284382284382284
2 0.7329921875000001 0.614988344988345 0.25782812499999996 0.24522144522144523
10 0.2327421875 0.6120163170163171 0.031046875 0.08431235431235433
4 0.43285937499999994 0.7529720279720281 0.06528125 0.04216783216783217
4 0.403546875 0.7151631701631702 0.05953125 0.03736596736596737
10 0.6464609375000001 0.8516783216783216 0.170734375 0.29664335664335667
15 0.24572656250000002 0.6130652680652681 0.055171875 0.11456876456876457
12 0.6472734375 0.85516317016317 0.172734375 0.28748251748251746
