39 0.7623906250000002 0.5580444964871194 0.1514375 0.15056206088992977
12 0.274765625 0.8279625292740047 0.54953125 0.32257611241217804
10 0.110234375 0.6873653395784542 0.15131250000000002 0.22245901639344262
10 0.245359375 0.616135831381733 0.066 0.22149882903981266
10 0.07203125 0.5694145199063232 0.10287500000000001 0.11629976580796252
15 0.12421093750000001 0.7079274004683842 0.24842187500000001 0.23131147540983604
34 0.2211484375 0.5501873536299766 0.08845312499999998 0.1707728337236534
11 0.31840625 0.2614402810304449 0.03646875 0.058805620608899295
43 0.42004687499999993 0.45943793911007025 0.057406250000000006 0.04627634660421545
44 0.3603984375 0.4680679156908665 0.066609375 0.06199063231850117
23 0.583078125 0.4669086651053865 0.00728125 0.02608899297423888
23 0.5789843749999999 0.47052693208430907 0.006937500000000001 0.018337236533957847
46 0.5048125 0.49720140515222483 0.09471874999999999 0.02845433255269321
46 0.45903906249999993 0.532271662763466 0.012921874999999998 0.012271662763466043
12 0.8533203125 0.8392740046838408 0.283703125 0.3214519906323185
44 0.30594531249999996 0.4883723653395785 0.054421874999999995 0.02667447306791569
10 0.2383203125 0.6471545667447307 0.011859375 0.03950819672131148
23 0.584796875 0.4656791569086651 0.0083125 0.02259953161592506
