9 0.7692578125 0.8104449648711946 0.134046875 0.11690866510538642
34 0.809734375 0.4297423887587821 0.276125 0.5726932084309133
5 0.47430468749999993 0.4097072599531616 0.017890625 0.0856440281030445
5 0.501765625 0.41804449648711944 0.0171875 0.061241217798594844
25 0.39282031250000005 0.9179742388758783 0.578734375 0.14156908665105386
43 0.1164921875 0.1530679156908665 0.08473437499999999 0.2517096018735363
46 0.246875 0.5962529274004684 0.06875 0.13348946135831383
44 0.43934375000000003 0.4613817330210773 0.15065625 0.02875878220140515
15 0.5 0.803360655737705 1.0 0.3932786885245902
46 0.12355468750000002 0.5629625292740047 0.23723437500000003 0.08395784543325528
