5 0.8874687499999999 0.09098958333333332 0.0288125 0.07772916666666667
35 0.31491406250000004 0.25534375000000004 0.152703125 0.09222916666666667
44 0.8096875 0.1578645833333333 0.22046875 0.06410416666666667
4 0.3341953125 0.10419791666666667 0.087171875 0.03902083333333333
40 0.26629687500000004 0.05506249999999999 0.0471875 0.10112499999999999
13 0.8667343750000001 0.11327083333333335 0.02153125 0.04737499999999999
53 0.4815546875 0.11340625000000003 0.030546875 0.06243750000000001
6 0.9870546874999999 0.138125 0.024984375 0.017166666666666667
9 0.3734375000000001 0.2883854166666667 0.0410625 0.022395833333333334
10 0.04569531250000001 0.5848854166666667 0.06526562500000001 0.3133125
15 0.068859375 0.7868958333333333 0.13771875 0.42620833333333336
