39 0.24288281250000002 0.29400468384074946 0.164921875 0.2157377049180328
5 0.0348125 0.8866510538641685 0.06921875 0.2136768149882904
10 0.2451640625 0.7165925058548009 0.306265625 0.5452693208430913
10 0.6388983790880143 0.6511914718028841 0.28840625000000003 0.5462295081967213
25 0.59125 0.3529859484777517 0.13746875 0.16943793911007024
28 0.37134375 0.4185948477751756 0.025843749999999995 0.02711943793911007
28 0.634125 0.3778688524590164 0.026125 0.01756440281030445
21 0.267703125 0.4352107728337236 0.15106250000000002 0.05889929742388758
21 0.588609375 0.3919906323185012 0.08809375 0.03648711943793911
9 0.4837265625 0.41460187353629985 0.039921875 0.01749414519906323
4 0.7244765624999999 0.3809016393442623 0.080671875 0.04086651053864168
13 0.4260390625 0.39697892271662766 0.026921875 0.04871194379391101
5 0.1475078125 0.4034192037470726 0.030109375000000004 0.02079625292740047
9 0.3887578125 0.3924121779859485 0.035078125 0.023653395784543327
