10 0.926875 0.57103125 0.14625 0.07147916666666668
10 0.866453125 0.8911770833333332 0.265875 0.21764583333333334
15 0.847 0.6911770833333333 0.306 0.22397916666666667
9 0.9559218749999999 0.64171875 0.039781250000000004 0.029020833333333333
20 0.593578125 0.5612395833333333 0.06803125 0.08197916666666667
20 0.54790625 0.6128541666666667 0.061906249999999996 0.06770833333333333
20 0.5474921875 0.56196875 0.056078125 0.0718125
45 0.35442187500000005 0.6343125000000001 0.32934374999999994 0.18179166666666668
12 0.45779687499999994 0.7051979166666666 0.5649375 0.5584375
2 0.48575 0.6545729166666667 0.47021875 0.2590625
2 0.5214296875 0.7137291666666666 0.43810937499999997 0.32691666666666663
0 0.180734375 0.11918749999999999 0.1304375 0.2365
