10 0.6530390625 0.5408548009367682 0.11282812499999999 0.249672131147541
10 0.46173437500000003 0.5130913348946136 0.0959375 0.20814988290398126
10 0.552953125 0.5802693208430914 0.10465625 0.2685948477751756
12 0.24552150127179673 0.661288056206089 0.4218281250000001 0.39784543325526933
15 0.5690078125 0.564519906323185 0.15101562500000001 0.21199063231850115
34 0.7806875 0.5768735362997659 0.09946874999999998 0.16845433255269324
25 0.3860703125 0.6516861826697893 0.10045312499999999 0.05840749414519906
35 0.9229843750000001 0.7247775175644029 0.10934375000000002 0.057002341920374705
43 0.7874296875 0.46542154566744726 0.087546875 0.07777517564402811
20 0.48284374999999996 0.6252107728337237 0.06971875 0.03505854800936768
10 0.5796484375 0.4643911007025761 0.08670312500000002 0.13023419203747072
39 0.95225 0.40024590163934426 0.0955 0.4935128805620609
