39 0.647703125 0.4191100702576112 0.1349375 0.19550351288056206
10 0.6283671875 0.8264988290398126 0.17254687500000002 0.23707259953161594
12 0.29915625 0.7139812646370024 0.503625 0.5333489461358314
15 0.7180078125 0.8896955503512881 0.562671875 0.197423887587822
9 0.37440625000000005 0.6982435597189697 0.022937500000000003 0.035081967213114754
11 0.69046875 0.137903981264637 0.034875 0.07679156908665105
25 0.322296875 0.5931147540983607 0.10543750000000002 0.11288056206088994
35 0.21190625000000002 0.7153981264637003 0.118125 0.0534192037470726
40 0.805140625 0.24865339578454332 0.015875 0.03266978922716628
40 0.7288203124999998 0.1937822014051522 0.024734374999999996 0.07857142857142857
55 0.5379296875 0.47339578454332554 0.090921875 0.2169086651053864
0 0.316453125 0.8719086651053864 0.20753125 0.2510304449648712
21 0.32746537237978307 0.6633589575229882 0.08026562499999997 0.027400468384074936
21 0.318984375 0.6235831381733021 0.0739375 0.023840749414519906
55 0.0714921875 0.6182435597189696 0.06542187499999999 0.07892271662763467
10 0.2956953125 0.8556440281030443 0.23089062500000002 0.22463700234192038
32 0.6396640625 0.41169789227166276 0.024609375 0.10667447306791568
