5 0.3103125 0.6250208333333334 0.0381875 0.16449999999999998
9 0.19357812500000002 0.74559375 0.061312500000000006 0.021895833333333333
25 0.16770312499999998 0.62809375 0.251125 0.24493749999999997
28 0.8025234375000001 0.7438645833333334 0.062359374999999995 0.050854166666666666
21 0.6001953125 0.746875 0.329640625 0.06995833333333333
13 0.4906171875 0.5918333333333333 0.040609374999999996 0.05991666666666666
25 0.9513359375 0.7301354166666666 0.097328125 0.09972916666666666
4 0.024968749999999998 0.60765625 0.049812499999999996 0.08902083333333334
4 0.0451171875 0.7839791666666668 0.090234375 0.08079166666666665
39 0.61071875 0.46233333333333343 0.23571875000000003 0.25975000000000004
21 0.16764062500000002 0.70696875 0.23450000000000004 0.06460416666666667
9 0.6245390624999999 0.6724791666666667 0.053140625 0.08354166666666667
