39 0.34297656249999997 0.3967708333333333 0.21067187499999998 0.298875
10 0.5677421875 0.7881770833333333 0.206453125 0.4021458333333333
34 0.5848281249999999 0.4490624999999999 0.22584374999999998 0.33258333333333323
4 0.8516562499999999 0.5930520833333334 0.07715625000000001 0.09381250000000002
4 0.9080859375 0.6255833333333334 0.042015624999999994 0.050583333333333334
2 0.9720156249999999 0.6303541666666667 0.05596875 0.35583333333333333
35 0.5520859375 0.5108125 0.09132812500000002 0.03916666666666667
4 0.8560781249999999 0.41577083333333337 0.04453125 0.03291666666666667
4 0.8526640625 0.42228125 0.05467187500000001 0.0364375
4 0.8518203125000001 0.43089583333333337 0.056140625 0.04387499999999999
43 0.6029218749999999 0.24597916666666667 0.16946874999999997 0.14024999999999999
35 0.5644609375 0.4986145833333333 0.082828125 0.026479166666666668
