39 0.7738671875 0.5960520833333334 0.23870312500000002 0.29664583333333333
5 0.075703125 0.76334375 0.055874999999999994 0.1791875
10 0.15 0.7548333333333334 0.2935625 0.26237499999999997
10 0.130953125 0.6759270833333333 0.24609375 0.1938958333333333
13 0.21740624999999997 0.5360729166666667 0.0185 0.026520833333333337
6 0.1694140625 0.33971874999999996 0.038546875 0.033979166666666664
6 0.1716171875 0.38434375 0.028921875000000003 0.02735416666666667
6 0.1746640625 0.4109166666666667 0.035390624999999995 0.026708333333333334
43 0.30421093749999994 0.48402083333333334 0.087109375 0.066875
34 0.3113828125 0.6164583333333334 0.098359375 0.2204583333333333
