5 0.9325937499999999 0.3216510538641686 0.1348125 0.6300936768149883
9 0.7427499999999999 0.6217798594847775 0.19078125 0.1634192037470726
32 0.7694687499999999 0.0855503512880562 0.1454375 0.1711007025761124
63 0.480421875 0.6131850117096019 0.17928125 0.25620608899297426
25 0.10045312500000002 0.3914519906323185 0.19790625000000003 0.7797658079625294
21 0.0962734375 0.5831967213114754 0.18954687499999998 0.3064871194379391
4 0.501515625 0.38764637002341923 0.3853125 0.25843091334894613
4 0.4175546875000001 0.47132318501170956 0.338046875 0.14770491803278687
10 0.7758359375 0.08250585480093676 0.127546875 0.15096018735362995
10 0.8534296874999998 0.12769320843091336 0.076296875 0.21524590163934426
4 0.36870312499999996 0.5502459016393443 0.08834375 0.03871194379391101
4 0.4024375 0.23702576112412174 0.13815625 0.06791569086651054
4 0.2795078125 0.3999297423887587 0.059546875000000006 0.07437939110070257
13 0.2971484375000001 0.16402810304449647 0.08260937500000001 0.25344262295081965
