39 0.9177812500000002 0.6523515625 0.16143749999999998 0.21076562499999998
39 0.9618645833333335 0.5310234375 0.0701875 0.07320312500000001
12 0.4143333333333334 0.5419375 0.31254166666666666 0.18065625000000002
10 0.5643645833333334 0.7222890624999999 0.19214583333333335 0.318359375
28 0.748625 0.6940390624999999 0.07041666666666666 0.029046875
21 0.7721458333333334 0.6490078125000001 0.084 0.064796875
4 0.8623124999999999 0.373078125 0.10866666666666665 0.03509375
4 0.6972291666666667 0.75625 0.14320833333333333 0.05887499999999999
9 0.8256770833333333 0.61021875 0.05639583333333333 0.014156250000000002
10 0.9766562500000002 0.46689843750000004 0.0445625 0.076328125
4 0.8935729166666665 0.3270703125 0.05164583333333333 0.013796875
4 0.8930208333333334 0.3384375 0.054333333333333324 0.00940625
