12 0.0831640625 0.42360328638497646 0.165109375 0.2818544600938967
65 0.8043828124999999 0.4070774647887324 0.39123437499999997 0.5388967136150234
39 0.4461562499999999 0.22255868544600937 0.14878125 0.19018779342723005
13 0.893 0.7054225352112675 0.1806875 0.23093896713615025
25 0.483546875 0.6728638497652581 0.52234375 0.6300469483568074
28 0.8658671875 0.9022183098591549 0.16732812499999997 0.19171361502347417
35 0.13997656249999998 0.8360563380281689 0.154953125 0.2895305164319249
32 0.5018984375 0.5118427230046948 0.17410937500000004 0.22129107981220655
5 0.8455937500000001 0.5845305164319249 0.12253125000000001 0.2632863849765258
5 0.8799609375000002 0.3899647887323944 0.085859375 0.14161971830985914
47 0.29918749999999994 0.3815258215962441 0.05909375 0.06126760563380282
35 0.063875 0.8029342723004694 0.12665625 0.19408450704225352
9 0.693125 0.5623708920187793 0.07609375 0.04140845070422535
35 0.2626015625 0.6749647887323944 0.109296875 0.1684741784037559
