12 0.804671875 0.78853125 0.39065625000000004 0.4081458333333333
25 0.298140625 0.8468437499999999 0.34628125 0.2590208333333333
5 0.17419531249999998 0.6376458333333332 0.046296875 0.11270833333333334
5 0.39331249999999995 0.451625 0.01240625 0.03945833333333334
6 0.6368125 0.5251666666666668 0.08375 0.03995833333333333
39 0.42292187499999995 0.7020625000000001 0.2505625 0.287
9 0.1368671875 0.8560208333333332 0.079421875 0.035708333333333335
40 0.9515078125 0.42628124999999994 0.010140625 0.040562499999999994
32 0.7379609375 0.28684374999999995 0.129265625 0.2923958333333333
47 0.6635468750000001 0.39947916666666666 0.05646875 0.08070833333333334
4 0.082390625 0.6954270833333333 0.1610625 0.0725625
4 0.8867265624999999 0.5435416666666666 0.051390625 0.009416666666666665
4 0.8889218750000001 0.5628229166666666 0.047375 0.013395833333333334
4 0.887234375 0.5519375 0.05065625 0.010375
4 0.0869921875 0.5882187499999999 0.09526562499999999 0.013354166666666667
