10 0.9369765625000003 0.32796875 0.126046875 0.21964583333333335
10 0.4392421875 0.5591979166666667 0.078703125 0.30406249999999996
10 0.07936718749999999 0.6776458333333334 0.084234375 0.3715
15 0.5499140625000001 0.7109375 0.9001718750000001 0.578125
32 0.580203125 0.42728125000000006 0.26878125 0.5836875
32 0.7179765625000001 0.32290625 0.165171875 0.5258541666666666
32 0.29747656250000004 0.57378125 0.466859375 0.8292291666666665
9 0.371 0.8259895833333333 0.06578125 0.05639583333333333
19 0.9173749999999999 0.9323124999999999 0.16371875 0.1045
63 0.638203125 0.75178125 0.25278125 0.21056249999999999
19 0.8868281250000001 0.5088541666666667 0.08940624999999999 0.029458333333333333
19 0.7690234375 0.5751666666666666 0.090265625 0.04025
12 0.8867109375000001 0.20671875 0.226578125 0.2248125
46 0.134203125 0.31411458333333336 0.07740625 0.24489583333333337
34 0.34466406250000003 0.21572916666666667 0.20392187499999997 0.43145833333333333
19 0.490375 0.7327395833333334 0.06928125 0.04302083333333333
13 0.4448046875 0.9384687500000001 0.086484375 0.1230625
13 0.9889765625 0.4563541666666667 0.021796875 0.11433333333333334
6 0.04921875 0.44903125000000005 0.0984375 0.10560416666666667
13 0.34678125000000004 0.972375 0.09862499999999999 0.05358333333333334
