51 0.3440891472868218 0.795703125 0.10670542635658915 0.17634375
5 0.7113372093023256 0.2098359375 0.03736434108527132 0.118890625
10 0.6641666666666667 0.6555546875 0.4534496124031008 0.378484375
10 0.3621802325581395 0.5804296875 0.2306782945736434 0.303421875
10 0.9495833333333333 0.6086796875 0.08176356589147286 0.32832812499999997
15 0.6668507751937984 0.4170546875000001 0.46986434108527125 0.084703125
32 0.8700581395348838 0.288453125 0.17798449612403103 0.2604375
9 0.8294476744186047 0.4135703125 0.07118217054263565 0.022890625
13 0.5733333333333333 0.3771484375 0.0412015503875969 0.042609375
25 0.6909108527131784 0.33146875000000003 0.22197674418604652 0.11409375
40 0.8583236434108527 0.1463046875 0.09125968992248062 0.058859375000000005
20 0.3565406976744186 0.2568359375 0.09862403100775192 0.237703125
10 0.9573352713178295 0.38973437499999997 0.08129844961240311 0.13109375
47 0.8244767441860463 0.099921875 0.16655038759689922 0.142625
34 0.53375 0.1943828125 0.27594961240310073 0.388765625
13 0.9599903100775193 0.08366406249999998 0.042887596899224806 0.033296875
50 0.6910271317829456 0.3945390625 0.12515503875968992 0.048734375
28 0.5936240310077519 0.42045312500000004 0.0489922480620155 0.022624999999999996
