5 0.0948984375 0.6914270833333334 0.038171875 0.1675625
39 0.5272890625 0.5378020833333333 0.227109375 0.27464583333333337
39 0.7606171875 0.543625 0.226421875 0.2924583333333333
25 0.28984375 0.6197291666666667 0.2230625 0.20875000000000005
28 0.3007734375 0.9168541666666665 0.073953125 0.07508333333333334
28 0.7546171875000001 0.8961145833333333 0.05267187500000001 0.054645833333333324
21 0.5289140625000001 0.8843749999999999 0.318109375 0.07229166666666667
13 0.6740390624999999 0.6640520833333333 0.073296875 0.07818750000000001
21 0.2949609375 0.6878020833333334 0.18357812499999998 0.0189375
4 0.7831328124999999 0.8409583333333334 0.176140625 0.07879166666666666
