5 0.85229 0.6510090361445784 0.0451 0.15069277108433735
10 0.07778 0.5137349397590362 0.15556 0.5834939759036144
12 0.25204 0.4397891566265061 0.26132 0.41506024096385546
15 0.51473 0.36968373493975903 0.2175 0.30436746987951807
48 0.14324 0.10674698795180722 0.28648 0.21349397590361444
25 0.61424 0.5829969879518072 0.11736 0.1230421686746988
20 0.50262 0.7307831325301204 0.15256 0.15867469879518073
5 0.4432 0.244894578313253 0.01276 0.056295180722891566
5 0.39537999999999995 0.049789156626506015 0.011240000000000002 0.03608433734939759
13 0.91915 0.8353915662650603 0.06566 0.13259036144578315
46 0.25458000000000003 0.2766415662650602 0.06412000000000001 0.08448795180722891
4 0.35128 0.884698795180723 0.07684 0.0852409638554217
4 0.8967400000000001 0.93019578313253 0.12384 0.12454819277108435
10 0.41611000000000004 0.4476506024096386 0.08262 0.15825301204819278
34 0.39352 0.10418674698795181 0.11172 0.07343373493975903
0 0.50447 0.7194879518072288 0.16038 0.16102409638554216
5 0.47613 0.05129518072289157 0.010060000000000003 0.02969879518072289
5 0.20961000000000002 0.20399096385542165 0.00802 0.044789156626506024
