39 0.0649765625 0.44026 0.080671875 0.12648
10 0.42750781250000003 0.5149100000000001 0.097234375 0.1545
2 0.5902109374999999 0.71113 0.8195781249999999 0.5582999999999999
13 0.270875 0.44197999999999993 0.009281250000000001 0.0202
13 0.3036796875 0.4386 0.008890625000000001 0.02016
53 0.5322499999999999 0.43683000000000005 0.01890625 0.0337
10 0.330875 0.51308 0.028312500000000004 0.062119999999999995
15 0.29603125 0.45765999999999996 0.08759375 0.017920000000000002
40 0.4812265625 0.42796 0.016203125 0.036
50 0.5206484375 0.43034 0.007484375 0.009439999999999999
60 0.5204296875 0.44139 0.010265625 0.01106
