47 0.375984375 0.46134860050890586 0.25225 0.476234096692112
47 0.6475234375 0.41217557251908404 0.045359375 0.15900763358778627
39 0.1335 0.43969465648854966 0.12428125000000001 0.253587786259542
12 0.83621875 0.5403053435114504 0.26546875000000003 0.18351145038167938
10 0.4581093750000001 0.5682697201017812 0.13946875 0.20956743002544528
2 0.7610781249999999 0.8269083969465649 0.47784375000000007 0.32653944020356235
2 0.9009843750000001 0.6757633587786259 0.19803125 0.12256997455470739
50 0.7121328125 0.5528753180661579 0.010234375 0.013587786259541984
25 0.056203125 0.6687277353689568 0.11240625 0.08432569974554709
50 0.7126953125 0.5435623409669212 0.010765625 0.009669211195928753
50 0.5433046875 0.4684732824427481 0.010984375000000001 0.014554707379134859
50 0.6942499999999999 0.5452798982188295 0.02828125 0.022264631043257
50 0.7310546875 0.5509287531806616 0.007265625 0.009898218829516539
60 0.7115546875 0.5537150127226462 0.009421875 0.012671755725190841
15 0.5854296875 0.5216284987277353 0.11451562500000001 0.08427480916030533
