39 0.91975 0.4628541666666666 0.1605 0.6995833333333333
5 0.2462265625 0.5976041666666666 0.082140625 0.29766666666666663
13 0.185671875 0.51078125 0.0509375 0.10685416666666667
4 0.11364062500000001 0.7858958333333333 0.22728125000000002 0.21050000000000002
15 0.426921875 0.7868645833333333 0.85125 0.4262708333333334
4 0.5377500000000001 0.5156875 0.12353125000000001 0.2907083333333333
21 0.8722890625 0.8976875 0.252640625 0.19904166666666667
19 0.64765625 0.4685 0.02765625 0.05333333333333334
19 0.6227499999999999 0.44941666666666663 0.01984375 0.04904166666666667
23 0.6476093750000002 0.4125 0.022218750000000002 0.07254166666666667
23 0.71353125 0.42716666666666664 0.015125 0.053625
