10 0.43810937499999997 0.642927400468384 0.0744375 0.12875878220140516
12 0.796296875 0.7004332552693208 0.28209375 0.33557377049180326
21 0.24921875 0.8714871194379391 0.12759375 0.0548711943793911
4 0.24310937500000002 0.6965222482435597 0.0043124999999999995 0.04128805620608899
4 0.2734765625 0.7506088992974239 0.06082812499999999 0.05189695550351288
40 0.4935859375 0.6976814988290397 0.066296875 0.08201405152224824
6 0.1657578125 0.6001756440281031 0.048859375 0.06297423887587822
47 0.5043828124999999 0.6104332552693209 0.17020312500000004 0.2510304449648712
39 0.11072656250000001 0.8280562060889929 0.10685937500000002 0.13850117096018735
4 0.26778124999999997 0.6943208430913349 0.0110625 0.03903981264637003
4 0.23991406249999997 0.6914285714285714 0.004546875000000001 0.04768149882903981
4 0.23628125 0.6765222482435598 0.03465625 0.07791569086651054
4 0.223921875 0.6950117096018734 0.01515625 0.0424824355971897
4 0.2545625 0.6858196721311475 0.01071875 0.05758782201405152
40 0.173296875 0.537903981264637 0.03721875 0.07749414519906324
13 0.3107578125 0.5067447306791569 0.04498437499999999 0.08950819672131147
15 0.29235937500000003 0.8525175644028105 0.5847187500000001 0.2949180327868853
