39 0.2079921875 0.28660416666666666 0.187109375 0.24329166666666666
12 0.8322578125000001 0.7311874999999999 0.335484375 0.49891666666666656
2 0.299828125 0.8130729166666666 0.59965625 0.35360416666666666
10 0.5182578125 0.5577395833333333 0.234265625 0.34831249999999997
13 0.14379687499999996 0.49784375 0.02790625 0.05522916666666667
13 0.1904765625 0.51003125 0.029796874999999997 0.04122916666666667
5 0.414984375 0.3583229166666666 0.030437499999999996 0.09272916666666667
5 0.3921484375 0.35817708333333337 0.022296875000000004 0.09460416666666666
13 0.2569921875 0.5130416666666666 0.023265625 0.0385
13 0.12137500000000001 0.4891666666666667 0.021281249999999998 0.044500000000000005
10 0.832796875 0.73246875 0.32921875 0.4986875
