13 0.33803000000000005 0.6559131736526946 0.05986 0.15134730538922156
13 0.6868500000000001 0.3436227544910179 0.030300000000000004 0.08251497005988023
25 0.43982999999999994 0.44606287425149693 0.20714 0.31236526946107784
28 0.63628 0.4574251497005987 0.05148 0.03491017964071856
21 0.58492 0.5357185628742515 0.15224000000000001 0.16760479041916165
4 0.30924 0.852440119760479 0.2672 0.2179940119760479
4 0.9387700000000001 0.31766467065868265 0.12246 0.2105389221556886
39 0.5231399999999999 0.3147604790419162 0.1546 0.22922155688622756
4 0.9836699999999999 0.48717065868263476 0.032659999999999995 0.053562874251497
4 0.9401600000000001 0.6518263473053892 0.05712 0.10479041916167663
21 0.46097 0.5217365269461077 0.06518 0.10479041916167663
28 0.66176 0.4159730538922156 0.012320000000000003 0.022065868263473055
10 0.6497800000000001 0.748562874251497 0.1336 0.47011976047904197
