39 0.8953125 0.42808333333333337 0.137875 0.17791666666666667
12 0.2856796875 0.8477604166666667 0.571359375 0.3044791666666667
10 0.2161328125 0.6792083333333333 0.23870312500000002 0.21075
6 0.8033984375 0.46025 0.027890625 0.016625
4 0.41278906249999997 0.6819895833333333 0.052328125 0.024104166666666663
4 0.5177421875 0.7273333333333334 0.093421875 0.04570833333333334
4 0.8800625000000001 0.6378854166666668 0.04896875 0.010104166666666666
5 0.036359375 0.52715625 0.0214375 0.0636875
4 0.8683359375 0.6446458333333333 0.098046875 0.03216666666666666
10 0.8967109375000001 0.8403333333333335 0.20657812499999997 0.31933333333333336
4 0.4212734375 0.69628125 0.07095312499999999 0.034687499999999996
4 0.5975859375 0.4451666666666666 0.040265625 0.037083333333333336
15 0.4855234375 0.8005729166666667 0.257765625 0.22402083333333334
