61 0.63021 0.8898952095808383 0.5317000000000001 0.19595808383233534
39 0.23950000000000002 0.19279940119760475 0.18984 0.25991017964071855
66 0.58864 0.1515868263473054 0.16432 0.1848502994011976
51 0.63843 0.8931137724550898 0.5449400000000001 0.198562874251497
10 0.6434400000000001 0.5419610778443114 0.31656 0.5834431137724551
32 0.52457 0.4177095808383233 0.3589 0.8191916167664671
2 0.88204 0.7606736526946107 0.23592 0.4786526946107784
13 0.10916000000000001 0.4468263473053892 0.0674 0.1534131736526946
21 0.38032 0.46706586826347307 0.16008 0.05616766467065869
4 0.36661 0.12233532934131737 0.0125 0.0655688622754491
4 0.39151 0.1193562874251497 0.00662 0.06511976047904192
13 0.36922 0.3706586826347305 0.03448 0.050778443113772456
28 0.34464999999999996 0.3924850299401198 0.045259999999999995 0.018982035928143712
4 0.24894 0.472185628742515 0.07736 0.03275449101796407
